10000 4000
5	8779
6	145
6	5916
7	5825
11	3386
12	5231
14	1062
15	8180
16	2535
17	507
17	1301
17	3639
18	8788
20	2399
22	3197
22	7597
23	663
24	1016
24	6434
25	5554
26	2760
26	3492
29	962
29	3298
32	1071
32	6635
33	3747
33	8191
33	8456
34	4050
36	4435
37	2313
40	1685
41	572
41	9704
42	6562
44	1341
45	1642
45	6288
45	6393
47	2560
47	7055
47	7759
49	8036
50	1141
50	1466
51	3351
53	4924
53	8591
54	6116
55	381
57	3183
59	2668
61	2541
63	7754
69	8626
70	2480
73	5507
74	682
75	646
75	6425
75	7367
76	4222
76	5774
76	7470
78	7012
79	6289
80	7698
81	6554
82	768
82	9840
83	2793
85	3610
85	4372
88	673
90	2387
91	8051
92	1203
95	3404
95	3780
95	5112
95	7445
95	7485
96	3678
96	9346
97	5383
105	7556
106	8978
107	1975
108	591
111	8074
112	1294
115	6003
115	8328
117	6835
122	1564
125	1841
125	9319
126	8485
127	7727
128	5460
130	3898
131	1682
131	9012
132	3579
134	9373
136	3398
138	2819
139	7782
139	9045
143	4266
143	4308
143	5028
144	2681
146	6709
147	2194
148	8533
148	9297
149	4355
151	7776
151	7819
152	6448
153	5954
153	8911
154	5256
155	1096
155	2397
156	4100
158	1699
160	4785
165	5889
165	8341
165	8388
165	9402
167	2271
167	8234
169	4793
171	3503
171	5225
171	5781
172	274
173	3633
173	5302
174	2486
174	4049
174	5368
174	6318
174	6869
175	6076
177	2458
178	5242
178	9055
183	7473
187	9932
188	2263
188	2318
188	5244
191	8149
192	2718
192	7588
192	8456
192	9271
193	8210
195	3566
199	3611
200	8369
201	8808
205	2977
206	7595
208	4214
208	7155
209	4210
209	7523
211	8582
212	9699
213	1944
213	2908
215	371
215	1693
217	1728
217	4566
218	6425
221	6632
222	3317
223	1873
223	3091
225	9197
226	432
226	1881
227	7401
228	7291
231	8527
232	306
232	3805
233	4005
233	4929
233	6876
233	9156
234	9891
235	6574
235	8682
236	674
237	1022
239	1276
239	9781
241	591
241	2884
241	6345
242	7787
243	3078
245	1681
246	4042
247	8876
248	6857
250	3357
250	3743
250	4704
250	9229
251	5498
251	7179
251	8415
252	8005
254	3078
255	644
255	5074
258	2776
260	4026
261	4567
261	7792
262	3469
266	5687
267	2730
268	2342
268	6156
270	1997
271	1838
271	9191
272	4111
273	7778
276	8846
277	3681
278	4124
278	5314
278	6389
280	1135
281	5494
285	2373
285	7394
286	6317
288	1609
289	1305
293	2033
293	3783
293	5266
293	6581
294	3341
296	3090
296	3657
296	9902
300	1807
303	1622
303	3016
304	4960
304	7826
304	9754
308	4694
309	2960
309	8801
311	6027
312	6757
314	2903
319	1562
321	1503
321	7676
322	7660
324	1615
324	4872
324	9309
326	1547
328	5917
329	3994
332	1120
332	7414
337	4875
337	8116
339	1240
339	6117
340	2816
340	3565
340	6881
341	449
341	5931
343	4518
344	6314
345	1317
346	4642
347	1826
348	5679
348	8156
349	1694
349	2543
349	7442
350	2857
352	3165
357	9572
358	1919
358	7540
361	3907
361	5321
361	7277
361	9963
362	5636
366	8295
368	1999
368	2002
370	2865
370	3083
372	9958
374	6521
375	4736
375	5827
377	3807
379	1928
379	5559
380	3866
380	5606
383	612
383	773
384	3351
387	2889
387	3243
387	5097
387	8738
390	1888
390	8031
393	6342
394	7037
398	3609
400	1404
401	8721
402	2733
402	6947
406	2834
408	5065
408	8308
409	542
412	3788
415	6034
415	6215
415	8249
416	4820
418	7035
420	2201
420	9133
422	5453
426	3992
427	3841
427	4173
428	2038
431	5279
436	8664
437	2333
439	2757
439	8496
440	1840
442	3591
443	5113
444	2638
445	9628
446	1114
446	5274
454	6656
454	9756
456	9195
457	508
457	8485
458	5560
459	3669
459	9121
460	9892
461	5227
462	8223
464	1349
464	4466
464	9201
467	5509
469	8406
470	3353
470	4452
470	5710
471	4100
472	7882
472	9804
473	6034
473	6688
473	7831
474	8115
474	9400
478	1468
478	3359
478	8350
478	9834
483	529
483	1642
483	9024
485	1999
486	2755
487	9367
488	8407
490	1285
492	7363
493	2921
493	7602
494	2741
495	1388
497	9086
499	3448
499	8671
501	6431
502	7111
504	4913
504	6632
506	2918
506	8405
507	6189
510	2805
513	7445
515	3010
515	5233
515	9177
517	8294
518	881
518	6984
519	9425
523	1988
523	2801
526	9524
527	2975
527	5142
527	7471
531	6116
532	3666
533	2916
533	9735
534	9812
535	777
537	1285
537	7740
538	3918
538	7383
539	5726
543	6852
543	7828
548	3735
548	4912
553	6426
553	9471
554	2739
554	6427
555	5851
557	853
558	9910
559	1343
559	2544
563	7918
565	5542
565	5843
567	4521
567	6675
569	2513
571	4093
571	5544
572	2828
572	4808
573	7720
575	604
575	1153
576	3599
578	3601
579	2891
579	9175
580	3630
580	4341
581	2636
582	2729
582	9822
583	7229
585	7245
586	6187
587	3804
592	4183
593	1796
593	9676
594	1117
594	6073
598	5638
598	8330
599	3282
599	5023
599	7403
601	8077
602	6188
606	2507
606	5046
607	6605
610	4118
610	4631
612	6026
612	6170
614	9830
618	8888
619	2969
620	2974
620	5418
620	9124
620	9319
621	4348
621	8362
621	9490
622	7132
622	8594
627	3665
630	4861
632	9127
633	6932
633	9709
634	9495
635	6229
639	7476
640	1387
640	2684
641	2397
641	8839
642	1357
642	8485
643	1910
643	4226
644	8096
646	6778
648	706
650	7393
651	5923
653	3354
653	5592
653	7640
653	8630
654	7475
655	1924
655	5415
656	1067
657	1721
660	6727
662	2303
665	8295
666	822
667	8101
668	3023
671	6097
673	1280
673	2441
673	3434
674	6302
674	8558
675	1444
675	9506
676	6040
681	1401
683	3590
684	3805
685	4656
686	2447
687	7421
687	8805
688	5182
690	1069
695	5305
699	4917
699	5035
699	7029
700	6554
702	7568
705	5807
705	6213
705	9848
706	9708
707	9044
708	6617
709	9240
712	5201
713	3924
713	7807
715	6129
716	7186
718	8373
719	6985
722	3882
722	4737
723	5819
724	6019
724	8441
728	3889
728	7872
729	9849
730	9834
731	9737
732	7196
735	6134
735	9553
736	4526
737	1305
738	844
739	7841
742	7869
744	827
744	1690
744	8393
745	5635
747	4581
747	6633
748	9169
749	6377
751	7688
753	1167
753	9352
754	3317
755	1825
755	8179
756	9717
757	1280
757	9210
760	1568
761	2126
761	7713
765	1947
767	1627
771	4147
771	5939
772	2108
772	4645
773	7209
773	7903
784	1422
787	1649
787	2550
790	3011
790	5381
791	2572
794	4308
796	3111
796	5862
798	3794
798	6475
800	1132
802	2539
802	5504
802	7067
804	1757
805	5525
810	3164
810	8118
813	8361
814	7971
815	3219
815	4650
818	1648
819	2898
821	9690
822	4028
822	7227
826	3734
826	4378
826	7922
828	1533
829	949
832	9167
833	1477
833	5180
833	7182
834	3161
835	5718
836	3064
837	1567
837	8968
839	9295
841	3576
842	9850
843	9253
846	6396
850	9532
852	1051
855	1976
860	7681
861	4401
862	3535
865	4089
865	4588
868	5953
870	4401
872	3910
872	7316
872	7669
875	7938
877	1015
878	881
879	1699
880	2509
880	5151
880	7026
884	5750
885	1243
886	1406
888	2662
888	4841
888	8677
889	9601
893	973
893	5682
893	8834
894	1363
897	6377
897	7583
899	8996
906	2556
907	4165
907	9594
909	8343
910	9925
911	8903
913	7172
917	1016
919	3496
919	8918
922	9967
929	1271
930	6320
930	6389
932	4396
934	2457
934	3249
934	6219
935	5694
936	9610
938	3511
942	5846
944	4461
944	8575
946	6353
948	8768
949	6391
949	7026
949	9671
950	5325
953	2693
953	6424
956	5391
960	4254
960	9401
962	2293
963	8968
965	9084
967	3359
968	3594
970	6038
970	9326
971	8254
974	7049
976	6614
978	2564
978	5139
980	8224
983	4449
984	5386
984	9560
986	2170
986	7006
990	5098
990	6661
991	1822
992	3416
992	3786
992	4079
997	3029
1001	2177
1003	7509
1004	3888
1004	5070
1004	6347
1004	7578
1005	1089
1005	5208
1006	3056
1008	5492
1009	8908
1016	4400
1019	1143
1019	4314
1019	5869
1019	8006
1021	6551
1022	5669
1022	7959
1025	2117
1025	3237
1026	9633
1027	4450
1030	3163
1039	8543
1041	7057
1041	8259
1042	8187
1044	9097
1045	4569
1045	7997
1046	9091
1048	8700
1049	1350
1058	3120
1058	9051
1058	9823
1059	8821
1060	4376
1060	8257
1061	1100
1062	3839
1063	7611
1065	5336
1067	4366
1068	2139
1071	5802
1071	7703
1072	9425
1078	6178
1081	4458
1081	7714
1082	4881
1087	5928
1089	3701
1091	2275
1091	9423
1092	7576
1092	9218
1093	5479
1094	7577
1097	2629
1097	7793
1100	3478
1107	3971
1107	4031
1107	4040
1109	2042
1109	6557
1111	2853
1114	8500
1115	9288
1116	5418
1118	1693
1118	6634
1120	4936
1121	8036
1123	3890
1123	5339
1123	6332
1125	6379
1127	7136
1128	9319
1130	8227
1131	8733
1132	2913
1132	6502
1133	9887
1134	8287
1136	5708
1136	9739
1139	8705
1145	5267
1145	6480
1145	8993
1148	4422
1150	6580
1151	8300
1153	8190
1155	9337
1156	4904
1156	5942
1158	9986
1160	7381
1161	2925
1164	5624
1165	5637
1166	2826
1169	8370
1169	9188
1171	8361
1175	2834
1175	2890
1176	8089
1177	3534
1178	9714
1182	7204
1183	7337
1188	3834
1190	4408
1190	4692
1191	5695
1191	9667
1193	4424
1197	9124
1199	5862
1202	6567
1202	7028
1202	7222
1202	9540
1206	9389
1207	5011
1209	4912
1209	5986
1209	6261
1210	8907
1218	2647
1218	9573
1221	9299
1222	6201
1224	4891
1224	8516
1227	4376
1227	4719
1227	5288
1230	4481
1230	9716
1234	6801
1235	5563
1235	8474
1236	6347
1237	2070
1237	3847
1238	3116
1239	2974
1241	3737
1243	7804
1245	6688
1250	3966
1253	3427
1253	4684
1253	6361
1253	7949
1254	1407
1255	3438
1255	5330
1256	3106
1257	5817
1258	1417
1258	1657
1258	2379
1258	3866
1259	5188
1259	6068
1260	2538
1260	9811
1263	1891
1264	7897
1265	2606
1267	5270
1267	5817
1270	2070
1273	5446
1273	9049
1276	3071
1278	4325
1279	2382
1279	2857
1281	2754
1281	5830
1281	6291
1281	6335
1283	6632
1284	3181
1284	6802
1284	8016
1284	8403
1285	1588
1286	5891
1288	9679
1289	6081
1290	4964
1292	8228
1293	8458
1295	3083
1295	6409
1299	7892
1301	2396
1302	2384
1303	6001
1304	8171
1305	2308
1306	3736
1310	4788
1314	5006
1315	6856
1316	1394
1318	4988
1320	4891
1324	6467
1325	9586
1328	1761
1328	5975
1330	7456
1333	5995
1334	6984
1335	6706
1335	7162
1335	9327
1339	4621
1340	8045
1341	7753
1342	4771
1344	4537
1344	9906
1345	5404
1347	4551
1349	6234
1350	1388
1354	1510
1354	1578
1354	9377
1356	3730
1356	4864
1358	3023
1359	2960
1359	7284
1360	8007
1361	1756
1361	6666
1362	9997
1365	2727
1366	7250
1367	5646
1368	3858
1370	8532
1372	1635
1372	6314
1372	6425
1373	6602
1377	8391
1378	2998
1378	9927
1379	3296
1380	3028
1380	7774
1381	1887
1381	2949
1382	3368
1382	7701
1383	6391
1385	6122
1385	7026
1385	8273
1388	3138
1388	4602
1389	7647
1390	6874
1393	7458
1394	4735
1397	1498
1400	7084
1401	3890
1402	8221
1402	8570
1402	8794
1403	4486
1403	7185
1404	9158
1406	5247
1408	2571
1410	3774
1411	4823
1411	7349
1411	9759
1413	2047
1414	5009
1414	6950
1415	7771
1416	1571
1416	1811
1421	4429
1421	7210
1421	9668
1422	2338
1422	3489
1423	4029
1424	3729
1426	7360
1426	9967
1430	7017
1431	7924
1434	1987
1434	7800
1437	3947
1437	7090
1438	8429
1440	4628
1440	7997
1442	3667
1442	8532
1444	5337
1445	8492
1446	8443
1449	6324
1450	6217
1452	7174
1453	9431
1454	2067
1456	7564
1458	1514
1458	2353
1458	5580
1458	9517
1458	9688
1459	5948
1459	7844
1461	7219
1461	7591
1464	3807
1464	9311
1467	6409
1468	8403
1472	9203
1473	4614
1474	8939
1475	5500
1476	6662
1476	7283
1477	5155
1480	2167
1480	2701
1480	7451
1483	3928
1483	5615
1485	4751
1486	6813
1487	1766
1488	2970
1488	6148
1489	9409
1490	3137
1490	9255
1496	2741
1496	3006
1496	6927
1497	4759
1504	5247
1504	9388
1508	4793
1508	5385
1510	8898
1514	6633
1515	2000
1518	3318
1518	5588
1520	2489
1521	9338
1526	9193
1527	5081
1527	8423
1528	6108
1531	9150
1531	9155
1531	9392
1535	4942
1535	6556
1536	3648
1536	7434
1536	9954
1538	3351
1539	6109
1540	3254
1540	8040
1541	3204
1541	5189
1541	8737
1543	3381
1543	4990
1547	9676
1549	9077
1554	6299
1555	7804
1558	4639
1561	9460
1565	6740
1565	9293
1566	6312
1566	6404
1566	8222
1567	3244
1567	6448
1568	6780
1569	2710
1570	9384
1571	7299
1574	5647
1575	3145
1575	4009
1577	4853
1578	2832
1578	6777
1582	4848
1582	7305
1583	8762
1584	5379
1585	5663
1588	7447
1590	2289
1591	5951
1591	9933
1593	8886
1593	9442
1594	6613
1599	7376
1600	8080
1602	7225
1604	6460
1604	7104
1605	2082
1606	7579
1608	4500
1614	2045
1615	4583
1615	6215
1625	8969
1626	6944
1628	3539
1630	4186
1635	5720
1637	3876
1637	6419
1640	8457
1640	8925
1640	9511
1640	9674
1640	9994
1643	8711
1646	4429
1646	5730
1646	9922
1647	1814
1651	3545
1654	7488
1657	6500
1660	2612
1663	9188
1664	7474
1667	5813
1669	9552
1670	3954
1671	2926
1671	7341
1672	7658
1674	8391
1675	5120
1676	1722
1676	3734
1678	2526
1679	4855
1679	7615
1681	9787
1682	3895
1683	3281
1684	1855
1692	2296
1692	5524
1693	6986
1694	2335
1694	9196
1695	3067
1695	8798
1700	6785
1701	1944
1701	3334
1701	9680
1702	4570
1706	1975
1709	9674
1712	9642
1713	2718
1715	9045
1716	2206
1720	3373
1723	3844
1723	7469
1725	3134
1729	4138
1730	9410
1735	2539
1736	7528
1737	3727
1739	4262
1744	8561
1746	8462
1749	5188
1749	6581
1751	3756
1755	6187
1757	9430
1759	2147
1762	5778
1765	9444
1767	2813
1771	2668
1776	9236
1779	8135
1780	7439
1781	6933
1781	8468
1782	7707
1782	9686
1785	3597
1786	3725
1787	4077
1791	8754
1792	3711
1793	6236
1795	7374
1797	2848
1797	6267
1798	4335
1798	5017
1798	8418
1800	2217
1807	8853
1811	6529
1811	9077
1812	2947
1814	2290
1817	5661
1817	7409
1818	2566
1821	5182
1828	6161
1830	3784
1830	4005
1832	4022
1832	4285
1833	6894
1836	8064
1836	8517
1837	3770
1837	5803
1837	6337
1838	4765
1838	9002
1841	2001
1843	3079
1845	7519
1847	2499
1848	2241
1848	2740
1849	5707
1851	4381
1852	8032
1854	6184
1855	8946
1856	4117
1856	7483
1857	3358
1857	3595
1859	6090
1860	4821
1863	1915
1864	5243
1865	2483
1866	2657
1866	4727
1869	9706
1874	3038
1876	4547
1877	7294
1880	7337
1884	5808
1888	2501
1896	3446
1898	2264
1898	5686
1903	5803
1903	6164
1903	6938
1906	9654
1908	8736
1908	9392
1909	4973
1911	2552
1911	3576
1912	2323
1914	6173
1915	2127
1915	9676
1918	2503
1918	9319
1920	3614
1922	5134
1922	5673
1923	6164
1930	4750
1930	9381
1931	2450
1933	5579
1934	2063
1934	5158
1935	4697
1937	4238
1937	9081
1938	6117
1938	8277
1942	4236
1942	5345
1944	9021
1945	3664
1945	7743
1945	8803
1946	3044
1946	7767
1946	8032
1946	8732
1951	4175
1952	8841
1953	9161
1954	8382
1957	9365
1959	3799
1961	5438
1961	6065
1963	3245
1966	5244
1968	5526
1970	9816
1971	2271
1971	7627
1972	3051
1974	4075
1974	8274
1977	8453
1979	2681
1979	5131
1979	6482
1980	8306
1980	8817
1982	4234
1982	4617
1982	7574
1982	7695
1983	3231
1984	2082
1985	8305
1986	7676
1986	8838
1987	8522
1988	2620
1988	9105
1991	7244
1995	5044
1996	5494
1997	8699
1998	2810
1998	3977
2000	8602
2003	3642
2003	3857
2003	4228
2003	8542
2005	6762
2006	2682
2007	2148
2007	4404
2007	6341
2008	2250
2008	2742
2010	2765
2011	8865
2012	8237
2015	8718
2017	4971
2020	5254
2021	6094
2021	7815
2022	9655
2024	3329
2029	3874
2029	8544
2033	3787
2033	4301
2034	3544
2036	3952
2036	7283
2037	4163
2037	4938
2038	4479
2038	6952
2041	5774
2044	6569
2046	7652
2049	9739
2050	2507
2050	7007
2051	3807
2052	7172
2057	5680
2057	6335
2060	5123
2061	2790
2061	5630
2062	3987
2062	9994
2065	6682
2066	9462
2067	7922
2068	4662
2069	6457
2070	7169
2071	5584
2071	7901
2074	2928
2074	4754
2075	2748
2076	2166
2078	6391
2078	9079
2080	2553
2080	6593
2082	4950
2086	5175
2090	2182
2091	5020
2092	6000
2092	6531
2096	2832
2097	6686
2098	4388
2100	2529
2100	3178
2100	3279
2101	7444
2102	9443
2104	7267
2106	4988
2107	7601
2107	9365
2108	4631
2108	8811
2111	8819
2111	9856
2114	7721
2114	9842
2115	5580
2117	9110
2119	4097
2119	9180
2122	9092
2125	7401
2125	9164
2126	3366
2131	2847
2132	6951
2133	3336
2135	9684
2136	7327
2138	8878
2141	3439
2141	6893
2142	9182
2146	7379
2149	3844
2149	7466
2150	4739
2152	9021
2155	9794
2157	6284
2157	8637
2160	4179
2161	2691
2162	3192
2165	9867
2166	5574
2167	6195
2167	9782
2168	4483
2168	4547
2171	3546
2171	6138
2172	9420
2173	4187
2176	5721
2176	6366
2176	6539
2177	4337
2177	5945
2181	2899
2181	8649
2188	3540
2190	9567
2191	3705
2191	9576
2193	4838
2194	4602
2194	5984
2195	6495
2195	9258
2197	4086
2198	9332
2199	6626
2200	3702
2200	4937
2201	8645
2203	7634
2209	7665
2212	6737
2214	7350
2215	3884
2216	6224
2217	6424
2217	9754
2218	4604
2220	8282
2221	4158
2224	3436
2224	6660
2224	7327
2227	3962
2230	6615
2237	3830
2239	3025
2241	4516
2241	8170
2243	8772
2245	6072
2249	2635
2249	4531
2249	5596
2249	9968
2250	2544
2250	3095
2250	3909
2251	9758
2252	9423
2256	8534
2258	5412
2260	3419
2262	4635
2264	2964
2265	4304
2265	6451
2265	7349
2265	8831
2266	5450
2267	4892
2267	9567
2271	2428
2271	3117
2272	3961
2272	9782
2273	5313
2273	6049
2274	8629
2277	3238
2277	4573
2277	8890
2281	2409
2281	6594
2283	2977
2283	5752
2284	9571
2285	6264
2286	8326
2289	4279
2291	3959
2291	6142
2292	2444
2292	4364
2296	8227
2302	7444
2302	7782
2304	6768
2305	9092
2307	2921
2309	5852
2310	3525
2320	8213
2320	8594
2325	9974
2327	9063
2327	9397
2327	9728
2329	9951
2331	5250
2335	6983
2338	9863
2341	9824
2342	2620
2344	6501
2344	7086
2344	7099
2346	8032
2347	6167
2351	2635
2351	4650
2352	8979
2353	5974
2353	8968
2355	7467
2357	4764
2357	6112
2359	6151
2362	3870
2362	7060
2362	8454
2363	5346
2364	6616
2365	3752
2365	9422
2367	6070
2367	8301
2369	9755
2370	2424
2370	4470
2371	7870
2372	8431
2372	9658
2373	8306
2374	5983
2375	9386
2376	9269
2379	4741
2379	6165
2384	3541
2392	9316
2393	2394
2394	4459
2396	7865
2399	3440
2402	9050
2403	9514
2405	5034
2405	7788
2405	8302
2406	3426
2407	9354
2408	5230
2409	4755
2411	8041
2413	4762
2413	5589
2415	5299
2416	5944
2416	7394
2419	4081
2419	5178
2421	9220
2422	3263
2425	4533
2426	5038
2430	4556
2432	2822
2432	9278
2433	3104
2433	7678
2436	2904
2437	4913
2441	9769
2442	2898
2443	3490
2445	5157
2448	5660
2448	6113
2449	4024
2450	3489
2452	3523
2454	8080
2459	7366
2461	9413
2465	6904
2466	4107
2466	6129
2467	4494
2469	3761
2473	7046
2475	5613
2476	7324
2478	7869
2479	7999
2480	9923
2482	9289
2483	9459
2484	3210
2484	9801
2486	6485
2488	3364
2489	7602
2490	3718
2491	9090
2493	6730
2495	4902
2497	6889
2499	8744
2499	9317
2500	3228
2500	7033
2502	2784
2504	8725
2505	7787
2508	4425
2514	3722
2515	9616
2516	9295
2519	9354
2520	4529
2521	8384
2521	8876
2523	5696
2524	5771
2524	7182
2526	4323
2528	6136
2528	8308
2529	2772
2533	6448
2533	9331
2539	3027
2539	6587
2541	9266
2542	8174
2542	8262
2543	6250
2543	7881
2544	3088
2545	7821
2547	4245
2549	6761
2555	3255
2556	4207
2560	3923
2562	4737
2566	3242
2566	3529
2566	7245
2566	7456
2568	4184
2577	7632
2580	7830
2582	4369
2583	6058
2583	7305
2584	3296
2584	5430
2588	3863
2589	5549
2590	8180
2591	5460
2593	4745
2593	5077
2593	6468
2594	3363
2594	8717
2599	5852
2599	6776
2599	7428
2601	9029
2606	5431
2608	8034
2609	6932
2610	5863
2610	9743
2611	3262
2611	9428
2616	3026
2616	9133
2622	6773
2622	7108
2626	7379
2626	7480
2628	2810
2628	2877
2632	9816
2633	6356
2638	4078
2638	8228
2638	9464
2639	7017
2640	5942
2640	6512
2640	8974
2640	9403
2640	9882
2641	4493
2641	4991
2641	5857
2641	8281
2642	6147
2643	4674
2643	9405
2645	9223
2646	9947
2649	3127
2650	7452
2650	8427
2653	7557
2659	9386
2661	4058
2661	6984
2665	3198
2665	8011
2667	3024
2667	3840
2669	4776
2675	4005
2675	4729
2678	4219
2682	5880
2684	7474
2685	6818
2687	5761
2688	4570
2692	8772
2694	3379
2696	5842
2698	3830
2698	4458
2699	8248
2701	4053
2701	9362
2702	3426
2702	5501
2702	7058
2703	3490
2707	8090
2707	8732
2710	4195
2710	5319
2712	9745
2713	2756
2713	7942
2715	3684
2719	7516
2720	4962
2723	6040
2724	4604
2726	9700
2730	4317
2731	6613
2734	6677
2734	7246
2737	7793
2740	5277
2741	7499
2743	2761
2743	9391
2744	4933
2744	7152
2746	3297
2747	3554
2747	9614
2748	8313
2753	3864
2754	4723
2755	7183
2758	5591
2762	8969
2763	9789
2765	5967
2765	7831
2768	9990
2769	5193
2770	9437
2771	3694
2771	3727
2771	5227
2771	5334
2777	9077
2779	5687
2779	5880
2780	3204
2782	4974
2787	3170
2788	8607
2790	4205
2791	9336
2791	9816
2792	4757
2792	7728
2793	3655
2797	9473
2799	9693
2800	6364
2803	4787
2804	5867
2806	4252
2811	8060
2813	7334
2814	7680
2817	4412
2820	4127
2821	4656
2821	7061
2824	7413
2825	3304
2825	9568
2827	2956
2828	3552
2828	8235
2831	6956
2832	6842
2834	8144
2836	6271
2836	7705
2836	9471
2837	6993
2838	7015
2839	8556
2848	6151
2848	6814
2856	4357
2856	4998
2857	6305
2857	9051
2858	4855
2860	6598
2860	8261
2861	3258
2861	7784
2861	9674
2862	3789
2862	4883
2862	8528
2863	6588
2866	3339
2867	3702
2870	5842
2873	4917
2874	4268
2874	5070
2875	7600
2876	8767
2877	5350
2877	7188
2880	3004
2881	8585
2885	3693
2887	9487
2889	5798
2892	7221
2893	7819
2893	8459
2894	9632
2897	6260
2898	3562
2899	9923
2900	5762
2901	3883
2901	6758
2904	3267
2904	6987
2905	6379
2906	4715
2907	3723
2907	3921
2907	6952
2910	9025
2914	9501
2916	5721
2917	5274
2917	6056
2919	6753
2919	8765
2924	4122
2924	4374
2925	5703
2926	3775
2931	7012
2935	4030
2937	3833
2937	6885
2942	5853
2943	5146
2943	5446
2943	6714
2944	8256
2944	9531
2946	3306
2949	4926
2951	4971
2952	5860
2954	4236
2954	4308
2955	9073
2956	4963
2956	7356
2958	5011
2959	4028
2962	8328
2963	5086
2972	7264
2973	3885
2975	6184
2975	7294
2976	5203
2977	7480
2977	8120
2980	7933
2982	4146
2982	9754
2984	3227
2986	4451
2987	4266
2987	5983
2989	8194
2991	6090
2993	9017
2998	8019
3000	8874
3003	3074
3004	3428
3004	9971
3006	4843
3008	8049
3016	4376
3016	7149
3017	3811
3017	7844
3019	5811
3021	8295
3026	7135
3026	9270
3027	5609
3028	6130
3028	9030
3029	5041
3032	7707
3032	9536
3033	7757
3033	8816
3034	4960
3035	5404
3035	9652
3035	9946
3036	4088
3041	8503
3042	4451
3042	6379
3043	8843
3043	9437
3045	4116
3046	7161
3048	4966
3049	6377
3053	3453
3054	9614
3057	6267
3057	8111
3065	8408
3067	3169
3068	8561
3073	3350
3076	8368
3079	4077
3079	8780
3080	4970
3086	6102
3088	6030
3089	3297
3092	6208
3093	8284
3093	8469
3094	4726
3094	5890
3094	7889
3095	8930
3100	7243
3104	3298
3104	4682
3104	4705
3109	5266
3113	5506
3115	6383
3117	9145
3117	9519
3117	9661
3118	4192
3122	6327
3125	7153
3128	7072
3130	7569
3133	8445
3134	3879
3136	6613
3138	5251
3140	3991
3140	5224
3142	7848
3143	8408
3146	8357
3147	8323
3151	9411
3155	6635
3156	3628
3157	6265
3161	6896
3162	8535
3164	3776
3168	8131
3168	9075
3169	3196
3170	5582
3171	6885
3175	4860
3178	5829
3178	8158
3178	8739
3183	9610
3185	7539
3200	3460
3204	9990
3205	5359
3205	6588
3206	3278
3206	9353
3207	6296
3208	5080
3208	5460
3208	9395
3210	7475
3212	7855
3213	5718
3213	9339
3216	3449
3217	3393
3218	9509
3219	3450
3225	8192
3226	7027
3237	9520
3242	5770
3243	5643
3245	7204
3246	4721
3247	9745
3250	3625
3252	8857
3256	9175
3258	4879
3260	4521
3262	3722
3265	9615
3271	6055
3277	6109
3281	6933
3282	3341
3286	5247
3287	4722
3289	3355
3291	3559
3303	7559
3304	3476
3304	6016
3314	9439
3320	9543
3321	3741
3322	4277
3322	5643
3325	4122
3325	5300
3326	7352
3329	4453
3333	8720
3334	9017
3339	6217
3340	5310
3343	4930
3346	6176
3348	9472
3349	4024
3349	4924
3349	6565
3350	7117
3352	8770
3353	6554
3353	8582
3354	6858
3355	3758
3357	9946
3364	7581
3364	9789
3367	5938
3369	7795
3373	7119
3373	9676
3376	7675
3377	3428
3377	8766
3379	3968
3380	3766
3380	5350
3381	4540
3381	4818
3381	5403
3381	7923
3384	6206
3386	6343
3386	6561
3387	7624
3389	4393
3389	9102
3390	9499
3390	9966
3391	5387
3392	6766
3395	3816
3395	6420
3397	6355
3397	6450
3397	8932
3398	9580
3400	3454
3401	7276
3402	8772
3404	4910
3404	7916
3406	5116
3412	4510
3413	7545
3414	3716
3416	5748
3416	6626
3417	8309
3419	7722
3420	4840
3425	3558
3425	7690
3427	3678
3427	5436
3431	3531
3431	6299
3432	4944
3432	9752
3435	3987
3435	9322
3436	4484
3436	6624
3445	5590
3445	8718
3446	9749
3447	6207
3451	5706
3454	3716
3455	5654
3456	6205
3458	5937
3459	7448
3460	8859
3463	8310
3464	8749
3467	4484
3469	7158
3471	6638
3472	5513
3475	7465
3476	6164
3476	9654
3483	5606
3491	8450
3493	4708
3495	8153
3496	8319
3499	9813
3500	3924
3504	8938
3505	4443
3509	3906
3510	3562
3510	7330
3514	7119
3515	3678
3519	5278
3519	7387
3520	9881
3521	6516
3525	4524
3526	6031
3526	9532
3532	6715
3536	5172
3539	5257
3539	5298
3540	6321
3542	4401
3542	8038
3547	4004
3547	9727
3548	5058
3552	5663
3553	6773
3554	3995
3559	7779
3559	8071
3559	8144
3562	6111
3563	7980
3569	6262
3573	4343
3573	6990
3574	4987
3575	5040
3575	6178
3575	6901
3576	9282
3578	6354
3578	9376
3582	6197
3582	9000
3585	8123
3586	4816
3586	7733
3588	8473
3589	6664
3592	8303
3594	5414
3594	7025
3595	6307
3595	6357
3595	7201
3595	9809
3600	5417
3601	6758
3602	4460
3608	5450
3608	7936
3610	4413
3614	4558
3614	6743
3615	9291
3618	9752
3620	7222
3621	4805
3624	5402
3624	8397
3625	9271
3631	6813
3634	6634
3634	7811
3634	9269
3634	9564
3635	8046
3638	9190
3639	4365
3639	6541
3640	6314
3644	4889
3645	7524
3645	8262
3647	4594
3650	6244
3650	7061
3654	9860
3657	4563
3661	7244
3664	6578
3666	5871
3669	7120
3671	7928
3672	4179
3673	4542
3674	6857
3676	6820
3678	7188
3688	6896
3691	5277
3695	3842
3695	4641
3695	7950
3696	9624
3697	4105
3697	4529
3698	7462
3699	7797
3700	9135
3705	4535
3705	5792
3705	6013
3705	6976
3708	8106
3708	9365
3712	8660
3713	3767
3717	9064
3719	6102
3719	9207
3719	9317
3723	6812
3728	7597
3730	9134
3732	7556
3738	4470
3740	7806
3741	8286
3744	9938
3748	8177
3750	8817
3751	4815
3751	5111
3751	7395
3752	5156
3753	4696
3753	5565
3753	6976
3753	7162
3753	7376
3761	7571
3762	3772
3764	7362
3764	8695
3768	9231
3769	7270
3771	4177
3772	5460
3772	8027
3772	8871
3774	8315
3788	4539
3789	6341
3790	5967
3794	8657
3796	6180
3801	3911
3802	9451
3803	7243
3804	6705
3804	8479
3809	9314
3811	6934
3811	9331
3812	6545
3814	4221
3815	4051
3819	4095
3820	8015
3827	5854
3827	9643
3829	6330
3831	9634
3834	8211
3834	8510
3838	4653
3839	8197
3843	8955
3844	9450
3845	4042
3845	7417
3848	3954
3848	5491
3848	7407
3848	9474
3849	4723
3858	4171
3866	6563
3867	6793
3868	6776
3871	7901
3874	7769
3874	8321
3875	4185
3875	4571
3876	4355
3878	4087
3880	5418
3881	8260
3882	8098
3883	9997
3884	9504
3885	9705
3889	4355
3889	7415
3890	5300
3892	4808
3892	6164
3894	7071
3895	4190
3896	9531
3897	8156
3898	7024
3898	7161
3899	5470
3902	9498
3904	6436
3905	6702
3906	6739
3906	7046
3913	8417
3914	4900
3917	9624
3921	7699
3925	7220
3927	8629
3929	7876
3930	9361
3931	8202
3932	7430
3932	9219
3935	4749
3935	6677
3936	8544
3941	4196
3947	7632
3949	9616
3952	9084
3955	6268
3955	6576
3957	7083
3958	6369
3960	4210
3961	5457
3964	4618
3968	9803
3971	6448
3972	6830
3975	8147
3980	6810
3983	6369
3987	4290
3988	9411
3994	8674
3994	9714
3995	5968
3996	9312
3999	6800
3999	8578
4000	8741
4005	9618
4006	5606
4008	6992
4009	6595
4009	9255
4010	9513
4017	9081
4019	4063
4022	5353
4022	9024
4026	8782
4030	6152
4030	6620
4038	5859
4038	9447
4046	9117
4057	5438
4057	5816
4057	6759
4058	6808
4064	8189
4064	8316
4066	5580
4067	6825
4067	6977
4067	7625
4069	8483
4071	9484
4072	5632
4074	5060
4077	9768
4078	5003
4078	5637
4078	9082
4078	9597
4080	7270
4085	5623
4086	5897
4088	6089
4089	7441
4090	9937
4091	9083
4094	8603
4095	4291
4095	5306
4097	9646
4099	4997
4100	7647
4100	9127
4101	9344
4102	8593
4104	6254
4105	9615
4107	5715
4113	8852
4113	8949
4114	6384
4114	8560
4115	5675
4120	4243
4120	7138
4120	9469
4121	8729
4122	6117
4124	6249
4126	4237
4126	9512
4127	9540
4128	5977
4128	6299
4128	7681
4131	8481
4131	9645
4138	8661
4142	7109
4146	8448
4148	5262
4150	5142
4151	5768
4153	7665
4155	8306
4157	6846
4160	9381
4161	6040
4161	8886
4163	6553
4164	5186
4164	5485
4165	9050
4166	9899
4167	7902
4168	4947
4169	4269
4171	6880
4173	7563
4180	5110
4181	4896
4181	6733
4183	9017
4184	4227
4185	6422
4185	6850
4185	8033
4186	6737
4187	9365
4191	8615
4192	4350
4201	9434
4206	8622
4209	9549
4212	7100
4215	5479
4223	6484
4226	6699
4233	6338
4233	8588
4234	6462
4235	6650
4235	9817
4236	8444
4238	7295
4239	8910
4249	4479
4249	7215
4251	7629
4252	6618
4262	4410
4265	6835
4268	7959
4278	9737
4279	5312
4283	8001
4285	9646
4289	5502
4289	7739
4293	5297
4293	8170
4294	9837
4297	4495
4297	6948
4298	4347
4299	4634
4299	4937
4299	4992
4299	6328
4299	8004
4300	8394
4304	7037
4305	6877
4306	9862
4308	5426
4308	8665
4309	5186
4309	8267
4310	6094
4312	9959
4313	9182
4317	7618
4323	4513
4325	7139
4325	7285
4328	8486
4330	6743
4331	7515
4332	6007
4334	6685
4336	5196
4336	8378
4336	9291
4338	6409
4345	5012
4347	8423
4349	7303
4351	5820
4352	6185
4352	8348
4354	8578
4358	4815
4358	8327
4359	8966
4361	5420
4362	9426
4363	6337
4371	6118
4377	4601
4383	6451
4384	8809
4385	8030
4386	9483
4388	8710
4394	4657
4394	6243
4395	6915
4398	5058
4398	8085
4402	6334
4404	6272
4405	5588
4405	7102
4411	4901
4411	5057
4411	9720
4416	8532
4418	5855
4418	9214
4420	8579
4424	7254
4428	8832
4430	6387
4432	5497
4432	8007
4433	9000
4436	9296
4440	6619
4440	9583
4442	9616
4444	8721
4445	5867
4451	4923
4452	9178
4456	6663
4458	7310
4464	7360
4464	9494
4467	9284
4467	9703
4469	5817
4474	7031
4474	9849
4476	5091
4477	4885
4478	8127
4480	6545
4480	8379
4481	6931
4491	6459
4492	7879
4492	8316
4493	9282
4496	7740
4499	9005
4504	9662
4505	5875
4505	7455
4505	8092
4505	8535
4506	6307
4512	6698
4512	7011
4513	6344
4514	9662
4516	7396
4517	5121
4517	7373
4518	9251
4519	8638
4522	7102
4524	8242
4536	4981
4540	6153
4541	5379
4546	9895
4553	4837
4554	7385
4557	6604
4561	8504
4562	5151
4565	6609
4568	8343
4571	7544
4571	8591
4572	6356
4576	7571
4577	7740
4580	5222
4581	7830
4582	7113
4584	9571
4587	4940
4587	7734
4588	5536
4588	9101
4590	4643
4593	5744
4594	5560
4595	7334
4600	5655
4603	6803
4613	8008
4618	5132
4619	4684
4619	5515
4619	7569
4620	5309
4623	8706
4624	5065
4625	6493
4626	9140
4627	5370
4628	5209
4629	6642
4630	5535
4632	7683
4633	7619
4637	9806
4638	4731
4639	5188
4639	6974
4645	7954
4647	5434
4648	8308
4650	6089
4651	4678
4652	5405
4654	9720
4656	4932
4657	7088
4657	7477
4662	4971
4662	5144
4663	6558
4673	5345
4674	6513
4674	7286
4681	9642
4684	9452
4687	6197
4691	6120
4691	9596
4693	7673
4694	6836
4694	9125
4695	7755
4698	9177
4701	5093
4706	5260
4713	7836
4728	6849
4729	7113
4731	8935
4737	5512
4737	9614
4738	5634
4739	9368
4742	6927
4747	7704
4748	8435
4759	6198
4761	5311
4766	8107
4766	8292
4769	6074
4771	5149
4771	8839
4774	6024
4778	9223
4781	7876
4781	8696
4782	5085
4782	5194
4787	6847
4788	5149
4790	5189
4791	8255
4794	6369
4795	9894
4797	9916
4804	7946
4807	9988
4815	7833
4815	8959
4818	5300
4824	5084
4825	6782
4828	8164
4829	6420
4831	7974
4835	8260
4838	5302
4838	9796
4842	9143
4842	9988
4855	5039
4858	5617
4865	7265
4866	7786
4868	5333
4869	6853
4869	8667
4883	8365
4888	6761
4891	8259
4893	6781
4895	8057
4897	7010
4898	5126
4899	8097
4905	7660
4905	9460
4913	5132
4913	5317
4913	5666
4914	8306
4915	6840
4924	7456
4925	7209
4926	5655
4926	5666
4929	6248
4929	6635
4930	9505
4934	8718
4934	8948
4935	4986
4938	6108
4938	6295
4938	6312
4941	5227
4941	5427
4944	7050
4947	7737
4947	8583
4948	9592
4954	5438
4955	9404
4956	9545
4966	6199
4973	5977
4974	5250
4975	9869
4979	8544
4981	7909
4984	9462
4986	9300
4988	6510
4990	9158
4992	5589
4993	5333
4993	8871
4994	7356
4997	8209
4998	9183
4999	8224
5001	6384
5001	8896
5003	5328
5006	9182
5011	6214
5011	7113
5016	7114
5018	6799
5018	7721
5019	6808
5020	5099
5022	9493
5023	7086
5024	8894
5027	5568
5031	9410
5032	7967
5034	6980
5034	8281
5039	8748
5041	7632
5042	5673
5044	8492
5049	7138
5050	6424
5058	6485
5060	7108
5062	5592
5065	5351
5066	7918
5066	9480
5068	8707
5071	7525
5072	9263
5074	5963
5075	6367
5077	8960
5081	5755
5081	6945
5082	5526
5084	7789
5088	6175
5088	8975
5095	9367
5099	7299
5104	6275
5104	7684
5108	7017
5122	7285
5123	5911
5124	6407
5125	8430
5134	9648
5135	7776
5138	8329
5142	9756
5153	9153
5155	6100
5156	5899
5157	8062
5158	6768
5158	7445
5166	8247
5170	7992
5175	8171
5176	5228
5176	9077
5179	6558
5179	6664
5180	5834
5181	7483
5184	6346
5185	5506
5185	5614
5190	7982
5190	8969
5191	8585
5192	7529
5193	8208
5194	5228
5196	7293
5198	7850
5202	6768
5208	6041
5212	5549
5216	7259
5218	6082
5220	5642
5221	6027
5224	9716
5226	5903
5237	9342
5239	7164
5241	8427
5249	6369
5250	5803
5250	6283
5251	6475
5252	6121
5257	6192
5261	6186
5262	5745
5264	7099
5276	6063
5277	6137
5284	5677
5284	9223
5286	7465
5289	5381
5293	9666
5294	6846
5296	7240
5296	8764
5299	9780
5301	7366
5301	7393
5304	8684
5305	5447
5305	9850
5309	6213
5309	9666
5313	5417
5317	5789
5319	6322
5324	5949
5327	6862
5328	9817
5329	6465
5329	9525
5330	9682
5330	9687
5331	7739
5334	9888
5337	5872
5350	6998
5351	6145
5351	8043
5353	7062
5353	7645
5356	9550
5359	6560
5361	7362
5362	9108
5364	9678
5371	6487
5371	9261
5372	9642
5375	6865
5375	8834
5378	6302
5387	7711
5388	8154
5390	8970
5396	6541
5399	6089
5401	5682
5403	5762
5404	5840
5404	8437
5415	9145
5416	6154
5419	8584
5421	7377
5425	9679
5427	5894
5441	5581
5445	7694
5448	7881
5455	8115
5459	9157
5466	6141
5466	8128
5469	8562
5470	7869
5471	8594
5472	9989
5474	6904
5475	7375
5479	5483
5481	5906
5482	8292
5483	5696
5487	6559
5495	7060
5496	6853
5498	8935
5499	7366
5511	9075
5518	6342
5519	9537
5521	6513
5525	9303
5529	8160
5530	8671
5542	7816
5542	8548
5544	9171
5550	6925
5552	5577
5554	9024
5558	9895
5567	7397
5567	8821
5571	6598
5576	7284
5580	6226
5580	6931
5584	9514
5586	8852
5588	6924
5588	9229
5592	8546
5593	8576
5594	8033
5594	9514
5595	5622
5597	7207
5602	7696
5603	7198
5611	5637
5612	7593
5615	5822
5617	5994
5617	6580
5617	8146
5620	6739
5631	6117
5633	9156
5650	8401
5651	8854
5651	9836
5657	6055
5659	8196
5662	6701
5668	8851
5671	7496
5671	8753
5675	9357
5683	8108
5686	7748
5688	5802
5691	5858
5697	7325
5700	9024
5701	8221
5709	7730
5715	9646
5717	8853
5721	9782
5725	8648
5731	7248
5731	9452
5731	9693
5736	7905
5740	7898
5743	6871
5745	7537
5746	6727
5746	7284
5748	7948
5750	9711
5754	7934
5757	7780
5764	6937
5768	8835
5776	6559
5776	7259
5777	7409
5778	6790
5779	6479
5781	8244
5793	8008
5794	9340
5796	9365
5796	9668
5796	9933
5798	8747
5803	9511
5803	9802
5805	7541
5807	9562
5812	8490
5814	5913
5820	9058
5823	8058
5823	8164
5826	8478
5827	9374
5830	8019
5832	5991
5837	8455
5848	7482
5851	6093
5852	8804
5853	5936
5856	8918
5861	5995
5861	7985
5862	6072
5864	9444
5869	7170
5873	8575
5876	9575
5888	8551
5890	6063
5894	5924
5899	7829
5899	8823
5900	8529
5903	6954
5908	8196
5909	7512
5912	6296
5914	9291
5919	8426
5921	7078
5930	7982
5932	7935
5935	7361
5937	6665
5947	8516
5952	8135
5953	6028
5957	8972
5959	8087
5961	8762
5965	9362
5972	8499
5974	9687
5978	6035
5990	7578
5990	8867
5993	9360
5995	7161
5997	7565
5998	9476
5999	9184
6001	9643
6004	9451
6005	6211
6009	7097
6011	6847
6013	9363
6017	7396
6021	7771
6034	6191
6038	9214
6041	7301
6043	6461
6048	9679
6050	9585
6053	7106
6057	7376
6058	7570
6058	9037
6067	7811
6075	8425
6077	9712
6085	7016
6090	9282
6097	8165
6100	7803
6102	9111
6102	9750
6106	9458
6108	6555
6113	6231
6113	6912
6116	9749
6119	9886
6122	7635
6126	9753
6127	8845
6140	7942
6141	9823
6142	9667
6144	6975
6146	7102
6148	8441
6148	9877
6150	9638
6153	8942
6153	9309
6155	6699
6156	8458
6164	7353
6166	8923
6166	9132
6166	9177
6170	9108
6170	9202
6171	9677
6177	8509
6178	6341
6182	7668
6185	6304
6197	9521
6204	9346
6205	6963
6206	8596
6208	7573
6216	6846
6226	6560
6226	7264
6227	7936
6227	8761
6231	7768
6235	6269
6250	9324
6255	8020
6257	7225
6266	6647
6270	9358
6274	7983
6274	9161
6281	6342
6282	9916
6285	6616
6292	9449
6296	7045
6296	8284
6297	7818
6307	7054
6308	7536
6308	8303
6310	6974
6310	8279
6310	9438
6313	9324
6318	6779
6320	8940
6322	8081
6322	9728
6325	7570
6328	7108
6330	8793
6336	8484
6342	7069
6347	6674
6357	9174
6360	8179
6360	9533
6361	7935
6362	8325
6367	9953
6375	7611
6382	9036
6387	8459
6392	8667
6393	8365
6393	9096
6397	9183
6400	6697
6409	9325
6410	6659
6416	9756
6420	6900
6428	7396
6434	8591
6434	9924
6440	7593
6449	8397
6449	9889
6454	7983
6457	6707
6457	8098
6458	6826
6464	8562
6465	7044
6465	9957
6467	6768
6471	6936
6471	8371
6473	9370
6475	6863
6475	7782
6475	7808
6477	6503
6479	7771
6479	8382
6483	7593
6488	7052
6495	9782
6496	8719
6503	6559
6507	6691
6507	9236
6515	7764
6518	8455
6526	8006
6537	6918
6542	8340
6559	8372
6569	8522
6574	7947
6575	7020
6576	9331
6579	8258
6585	9909
6586	9497
6587	7971
6590	7092
6590	9632
6591	6702
6598	8935
6599	9270
6600	6872
6601	8984
6603	9805
6604	8796
6607	9779
6610	7711
6613	7488
6619	6707
6619	7272
6620	7955
6621	8780
6629	9642
6630	9255
6631	7646
6632	6766
6632	9362
6633	6676
6644	7926
6647	8955
6653	9962
6655	9656
6662	8847
6668	9500
6674	7213
6674	8633
6677	7653
6692	8596
6693	7697
6704	6940
6708	9076
6711	9235
6711	9431
6712	7137
6721	8585
6725	9552
6726	9912
6740	7013
6746	7208
6748	8005
6760	7274
6761	7704
6772	9884
6773	8105
6788	7105
6796	8730
6796	9750
6798	7308
6798	9486
6812	7536
6813	9257
6813	9989
6816	7970
6823	8795
6824	9854
6829	8161
6851	9203
6854	8071
6857	7825
6857	7844
6867	7598
6867	8494
6874	9287
6879	7818
6881	8924
6888	9154
6890	8034
6891	9296
6892	7799
6895	8980
6897	7108
6902	7423
6904	7003
6908	8167
6917	7037
6918	8295
6919	8154
6921	7875
6927	8809
6928	7090
6934	7191
6936	7408
6941	8719
6946	8838
6961	8554
6962	9753
6964	9504
6966	8885
6967	7638
6993	9792
6999	9607
7001	7370
7003	8394
7006	7498
7013	7827
7027	7892
7029	8381
7041	7163
7041	7664
7041	8802
7045	9857
7048	7743
7048	8461
7049	8019
7051	8370
7057	8331
7058	8658
7060	9097
7063	7099
7071	9697
7077	7663
7081	9388
7082	9276
7085	9446
7094	9130
7096	9846
7102	9991
7105	7556
7108	9551
7109	8144
7118	7295
7118	9038
7122	8340
7123	7467
7125	9532
7143	7286
7145	7431
7148	8669
7148	8999
7162	8821
7166	8834
7169	9947
7172	9138
7176	8304
7179	9829
7190	9331
7191	9284
7198	9231
7202	7836
7208	8956
7209	8978
7222	8440
7226	9196
7241	7936
7242	7576
7242	9006
7242	9116
7247	8188
7254	9568
7255	8076
7259	8260
7265	8081
7268	9842
7269	8929
7278	8535
7280	8483
7281	7325
7288	8645
7290	9596
7291	9901
7298	7958
7306	9615
7312	8542
7315	8386
7329	7864
7330	9961
7331	9432
7335	7938
7340	9214
7349	9072
7358	9449
7361	9703
7377	8866
7383	7517
7383	8843
7387	8769
7389	9298
7390	8241
7392	7413
7392	7648
7394	9488
7397	7938
7398	9394
7399	8379
7399	9201
7403	9820
7406	8591
7406	8915
7406	9655
7407	7637
7411	7430
7420	9147
7425	8778
7433	9202
7437	8602
7454	8940
7457	9682
7465	7473
7466	8257
7478	9190
7479	9000
7492	8614
7501	7631
7502	7892
7503	9053
7506	8937
7529	9324
7531	7762
7532	9251
7558	7571
7558	8458
7559	8472
7568	7924
7575	8160
7576	9737
7593	9948
7607	8147
7616	8526
7619	9065
7625	7665
7626	9835
7631	9502
7644	7713
7644	9069
7650	9027
7653	7984
7662	7846
7663	8170
7675	8449
7693	7998
7693	8111
7709	8112
7714	9325
7716	8594
7721	8144
7731	8194
7732	8259
7732	8290
7743	8020
7745	8452
7750	7768
7750	7821
7753	9296
7753	9777
7760	8670
7763	9543
7786	9680
7787	9284
7790	9100
7797	7928
7800	9777
7801	8764
7810	9744
7813	7956
7816	9261
7816	9449
7820	9050
7821	9035
7832	8443
7834	8970
7852	8931
7857	9808
7868	8813
7874	8554
7879	9623
7882	8982
7892	8147
7893	8934
7900	9997
7907	9795
7915	9637
7917	8802
7926	9470
7931	9557
7960	8373
7974	9934
7981	8634
7987	8281
7989	8515
7996	8476
7997	8502
8002	9669
8004	9329
8012	9766
8020	9293
8023	8360
8027	8833
8032	8534
8033	8287
8048	9622
8058	8592
8059	8242
8066	9896
8078	8851
8080	9040
8082	9836
8096	9790
8100	9622
8104	8688
8119	8236
8121	9439
8126	9904
8135	9929
8146	8271
8155	9670
8161	9273
8176	8401
8186	8804
8188	9621
8191	8294
8198	9867
8200	8279
8205	9087
8206	9425
8208	9003
8215	9818
8246	9128
8248	9940
8249	9199
8256	8698
8271	9682
8285	9953
8300	9833
8303	9589
8308	9357
8314	9709
8329	9287
8341	9215
8342	9526
8345	8828
8348	9181
8367	8708
8387	9642
8390	9815
8398	9013
8415	9773
8423	9652
8433	9575
8435	8983
8435	9151
8437	8547
8440	9341
8441	8563
8446	9035
8447	9587
8463	9659
8474	8502
8480	8717
8494	9198
8501	8678
8508	8851
8534	8952
8553	9050
8558	9220
8572	9129
8573	8586
8579	9534
8591	8847
8602	9266
8609	9454
8618	9350
8626	8808
8645	9466
8658	9126
8662	8984
8666	8739
8667	9481
8690	9811
8696	9207
8697	9157
8717	9361
8726	8757
8730	9496
8741	9851
8744	9887
8751	9599
8756	9099
8761	9664
8767	8892
8773	9619
8789	9136
8824	9969
8832	9785
8843	9995
8852	9538
8855	9336
8865	9059
8868	9436
8885	9811
8893	9375
8929	9353
8929	9894
8945	9187
8961	9441
8969	9585
9010	9737
9020	9601
9037	9042
9069	9298
9074	9775
9116	9203
9141	9904
9189	9375
9197	9469
9239	9536
9240	9494
9266	9692
9293	9568
9345	9927
9420	9636
9453	9954
9518	9970
9529	9839
9559	9614
9604	9981
9643	9982
9648	9895
9732	9903
9776	9778
9787	9852
9908	9917
