3353 8870
2957 2958
1493 1572
1589 1602
2633 2634
1983 1984
1452 1453
1452 1449
696 697
1446 1452
2035 2033
563 565
706 1438
359 360
358 359
1479 1480
2832 2813
1435 1436
1570 1565
1567 1570
1566 1567
2883 2857
1466 1469
1992 1993
2057 2058
2433 2435
2439 2491
1563 1564
161 162
552 556
555 552
1464 1465
350 366
366 367
367 351
2049 2050
1433 1434
1562 1598
1982 1980
1432 1433
1598 1557
2417 2422
2050 2051
2808 2810
2620 2619
2589 2591
693 694
2394 2395
1595 1596
655 591
2631 2587
1793 1794
2876 2877
2877 2878
1812 1813
652 653
2618 2617
1227 1226
1737 1738
166 163
1798 1799
538 539
1750 1751
1369 1374
1229 1231
1229 1232
1925 1926
1225 1229
539 541
2578 2576
1784 1790
527 528
1783 1784
1922 1809
1809 1919
2828 2827
1921 1919
2612 2613
1804 1805
1786 1787
2577 2582
637 634
583 584
1380 1381
1916 1917
632 634
1424 1417
640 641
641 631
2392 2393
2385 2392
2615 2613
1779 1780
1916 1918
1947 1948
1258 1259
2624 2625
1773 1779
1720 1721
2583 2585
1717 1720
1946 1942
1930 1946
1205 1217
1771 1773
1945 1946
1416 1415
1772 1771
1918 1915
191 192
1915 1914
1722 1727
2623 2622
517 518
1940 1941
2814 2815
2875 2871
188 189
1349 1350
2817 2826
1407 1408
2945 2946
2793 2795
1767 1766
1763 1766
1763 1767
1764 1763
1888 1889
1762 1763
1762 1764
642 643
1888 1890
1243 1247
1760 1761
1402 1403
1247 1246
1938 1939
1902 1904
1724 1725
2824 2825
1244 1245
2568 2569
1901 1902
1902 1840
1244 1241
2558 2559
1239 1241
1901 1839
1673 1675
2567 2565
1872 1871
1841 1836
1209 1208
1207 1208
1209 1207
1878 1883
1877 1878
443 442
451 442
445 440
446 443
421 391
420 421
421 455
456 455
457 456
458 409
457 458
459 457
463 428
463 461
464 458
464 413
468 464
469 468
465 467
468 467
570 467
447 463
446 447
447 450
448 450
471 450
472 456
471 472
474 472
490 472
475 474
476 448
836 476
478 474
476 478
495 475
479 480
483 478
485 479
484 481
485 484
486 485
936 487
949 486
491 490
488 475
496 491
492 491
498 492
481 480
494 495
499 484
499 494
500 499
496 498
501 498
502 500
501 502
502 503
508 505
511 508
508 506
510 504
513 508
511 510
960 512
514 334
517 515
517 352
519 518
519 514
522 519
520 522
406 514
405 406
523 406
526 414
526 524
527 522
528 529
535 528
532 530
581 532
529 533
533 530
537 529
537 536
538 537
538 540
542 351
545 542
543 373
545 373
546 518
546 542
546 527
549 545
549 547
370 373
550 546
550 551
558 549
554 536
550 552
555 535
554 555
557 554
557 556
557 540
558 550
562 558
561 556
563 561
559 561
566 562
568 566
573 526
572 526
573 572
574 523
574 573
577 574
570 571
575 571
578 577
613 579
613 580
581 523
585 532
583 533
584 537
585 583
541 584
587 585
589 587
599 589
593 577
592 593
580 592
593 594
588 581
588 594
595 588
587 588
596 595
597 596
590 595
626 594
627 595
590 587
589 590
597 599
600 570
606 601
601 578
604 600
604 492
507 604
507 498
506 507
605 507
608 606
607 602
606 607
607 612
612 613
615 612
617 615
623 620
1194 616
614 592
628 624
624 626
612 614
628 614
627 626
628 629
629 627
629 630
636 599
635 632
635 596
635 630
636 632
637 636
637 638
630 631
640 635
640 634
647 629
642 614
642 644
643 645
649 631
648 631
648 649
649 650
652 649
692 653
654 648
654 652
1430 653
565 540
657 540
591 539
655 656
589 591
655 657
659 657
659 565
660 659
662 661
660 661
567 561
664 660
663 661
666 668
671 568
671 672
667 669
670 667
662 663
673 663
674 673
672 673
676 672
676 670
677 676
679 638
689 679
680 662
679 680
684 680
685 680
685 681
688 685
688 684
702 684
689 687
690 689
690 650
691 690
686 687
696 687
692 691
693 692
693 691
1430 694
704 693
696 698
698 686
700 698
701 702
701 700
707 700
723 701
703 704
703 705
1447 705
707 705
710 702
710 708
722 711
716 678
677 678
713 714
716 711
717 713
722 710
722 720
725 720
719 720
724 707
718 721
718 716
717 718
728 726
727 259
727 263
728 727
732 196
731 729
735 733
735 727
736 735
743 745
738 282
738 296
739 304
744 746
741 740
747 740
749 310
438 309
749 438
750 748
754 750
750 749
751 750
751 749
755 751
754 755
756 746
757 736
758 756
760 759
760 754
762 760
760 761
763 764
763 762
769 762
765 766
764 765
736 737
737 731
791 737
777 757
769 761
773 771
770 771
777 775
778 777
778 779
782 781
769 770
782 770
1073 782
800 782
800 801
731 732
787 732
788 787
787 788
789 788
795 791
794 791
794 792
795 785
778 780
798 800
802 800
803 802
805 796
806 805
804 806
803 804
809 803
807 809
810 795
810 789
797 810
796 797
813 811
813 805
815 813
814 815
820 818
2679 820
437 438
824 822
824 825
844 824
829 827
828 827
829 764
862 828
824 826
832 830
863 832
833 439
833 825
834 825
842 836
838 454
841 838
929 843
844 834
844 830
845 844
845 846
847 845
851 847
848 847
850 848
851 846
879 851
854 852
854 850
881 854
849 833
848 849
881 850
897 855
901 435
857 829
857 859
862 859
867 864
866 863
873 866
868 867
890 867
877 868
870 774
873 862
875 873
875 877
912 877
874 859
871 874
870 871
876 871
1053 876
878 846
865 878
890 865
895 881
884 854
885 881
889 894
891 880
892 891
914 887
893 887
915 889
905 894
900 897
902 901
901 899
907 899
902 838
906 900
911 902
903 889
903 905
904 906
918 904
906 907
908 911
910 908
912 890
1056 912
913 892
1057 917
918 915
919 918
921 919
921 917
921 922
919 920
923 922
925 923
926 925
1062 926
927 925
928 927
928 926
930 842
930 483
932 930
931 929
933 483
933 935
935 934
933 936
938 487
940 934
941 939
941 930
943 932
946 940
944 929
944 931
965 946
964 942
950 949
950 500
951 949
934 938
953 950
952 500
955 951
953 955
955 946
957 510
957 952
958 510
1179 961
962 958
963 957
962 963
962 961
1184 976
965 955
966 953
966 965
970 966
971 964
967 969
970 971
972 970
969 971
973 971
973 972
974 969
1019 974
978 973
970 963
977 976
980 972
1023 979
1024 980
981 977
1026 981
982 983
1199 982
982 981
984 902
994 984
984 985
985 947
986 987
990 986
988 947
986 988
987 985
990 987
1000 985
1034 988
1034 990
992 908
992 984
993 992
1000 994
995 994
997 995
997 993
995 996
993 927
999 993
1003 996
999 996
1001 1000
1001 990
1002 1001
1035 1002
1005 1003
1005 1001
1006 1005
1006 1008
1008 1009
1091 1005
989 964
1015 967
1017 1013
988 989
989 1014
1015 1013
1014 1016
1013 969
1017 1018
1018 1019
1021 1016
1021 1014
1021 1018
1021 989
1025 1019
1025 978
1025 1023
1023 1024
1026 1024
1027 1026
1028 1027
1031 1027
1288 1031
1041 1024
1035 1034
1038 1035
1037 1035
1113 1008
1039 1038
1045 1043
1043 1044
1045 1038
1046 1044
1046 1045
1048 1047
765 767
767 1050
857 767
1050 763
872 773
870 872
1051 774
1058 1056
1055 1056
1053 1055
773 774
1057 1058
1060 1057
924 1060
922 924
1064 924
1065 1064
1075 1069
1073 1069
1072 1055
1070 1072
2096 1074
2098 1075
1076 1064
1081 1076
1080 1081
1084 1080
1147 1084
1090 928
1090 1086
1089 999
1089 1088
1082 1062
1082 1090
1080 1082
1100 1082
1101 1090
1007 1091
1098 1092
1097 1089
1094 1091
1095 1094
1094 1007
1100 1078
1102 1100
1106 1102
1105 1101
1106 1105
1103 1097
1109 1097
1107 1105
1139 1107
1108 1107
1108 1106
1109 1110
1109 1107
1130 1109
1114 1037
1114 1112
1115 1114
1115 1116
1118 1116
1119 1118
1119 1115
1121 1119
1124 1119
1120 1117
1128 1120
1121 1120
1122 1118
1122 1045
1124 1122
1123 1048
1126 1123
1128 1110
1110 1117
1130 1131
1134 1130
1134 1121
1132 1134
1135 1124
1135 1134
1136 1135
1136 1123
1160 1136
1137 1136
1137 1049
1138 1137
1162 1137
1144 1108
1145 1139
1143 1139
1142 1143
1154 1142
1145 1144
1145 1143
1149 1144
1149 1150
1149 1147
2114 1150
1153 1144
1151 1153
1132 1131
1161 1159
1161 1155
1159 1160
1162 1160
1168 1169
1168 1166
1170 1168
1170 1160
1173 1170
2116 1161
1171 1173
1177 1174
2129 1177
2124 1176
1178 513
1830 1831
2821 2822
579 580
578 579
1706 1707
1877 1876
2925 2926
2346 2338
2799 2801
1834 1835
2320 2321
1344 1339
617 616
615 616
1336 1339
1207 1204
1203 1206
1334 1336
1202 1203
1204 1202
348 349
1837 1862
1338 1341
1337 1338
2540 2541
1194 1195
1843 1863
1693 1694
1211 1212
1672 1343
1210 1211
1210 1212
2818 2781
2798 2797
2796 2797
1319 1317
1820 1821
1692 1691
2367 2368
1689 1690
346 347
1819 1825
335 336
2316 2318
572 571
2151 2319
2797 2734
608 609
610 609
608 610
1294 1295
1298 1294
2733 2734
605 606
2149 2150
1290 1292
1680 1682
2313 2139
1184 1185
1183 1184
2174 2175
600 601
1289 1288
1313 1047
2724 2723
1046 1047
1169 1166
1293 1032
2311 2309
1166 1163
1028 1029
1126 1049
1030 1031
1177 1176
1162 1163
169 168
2169 2170
960 961
2124 2125
1041 1043
2721 2722
2136 2137
2147 2148
963 976
2128 2132
173 174
2728 2729
2163 2164
2747 2748
505 501
503 504
505 503
2253 2254
973 974
2261 2262
2144 2143
2251 2252
398 402
401 413
411 401
952 953
1017 1016
2185 2244
2742 2743
2772 2773
330 332
1015 1014
496 497
2238 2239
2711 2717
2710 2711
2739 2740
3012 3009
3162 3163
3315 3316
3311 3267
3265 3266
3158 3159
3256 3257
3263 3264
3136 3137
3105 3106
3135 3134
3155 3157
3038 3036
3065 3066
3269 3270
3275 3273
3343 3344
3342 3343
3342 3344
3057 3058
3274 3276
3252 3253
3096 3094
3248 3250
3031 3032
3109 3115
3245 3243
3339 3340
3295 3296
3298 3299
3286 3287
3184 3185
3229 3226
3332 3334
3332 3335
3125 3126
3180 3181
3227 3228
3225 3226
3203 3204
3227 3224
3225 3224
3336 3337
3191 3192
3193 3196
3192 3193
3282 3281
2860 2861
2966 2967
3083 3084
3289 3290
3088 3100
2894 2895
3220 3222
3173 2484
2989 2990
3025 3022
2645 2646
2468 2469
1641 1640
1532 1534
666 667
2648 2649
2855 2856
2512 2513
669 670
669 671
2480 2481
1662 1654
2088 2089
1637 1636
2667 2668
1639 1638
2955 2953
678 713
2019 2021
1661 1655
1653 1654
1644 1635
721 719
2082 2083
1520 1521
1510 1511
1625 1626
1627 1628
1625 1627
1515 1516
2452 2453
371 372
1518 1517
2449 2477
2890 2889
2942 2940
2455 2454
2078 2079
2450 2451
2665 2658
2939 2941
2078 2080
2941 2938
1507 1508
2454 2432
2014 2015
566 567
1592 1593
725 724
723 724
723 725
567 664
369 370
2931 2932
1514 1577
2069 2070
2068 2069
1605 1606
562 559
1623 1614
1977 1978
1978 2001
2441 2442
21 22
2444 2440
2424 2425
2063 2064
2062 2063
2846 2847
2002 2005
1495 1496
1615 1616
1605 1607
2593 2641
2006 2007
1969 1970
16 17
17 18
15 18
15 17
18 14
13 14
13 15
13 16
1619 1621
1969 1971
1998 1999
1573 1574
164 165
1585 1588
2637 2593
2837 2839
688 686
2839 2845
495 496
490 488
1140 1131
1131 1142
1092 1093
938 951
2220 2221
480 494
1156 2116
1155 1156
1159 1154
2283 2281
1156 2113
2280 2281
2280 2282
1154 1151
1012 1092
1010 1012
2275 2276
486 487
1007 1012
1006 1007
1155 1152
2217 2218
1151 1152
2713 2714
1158 2113
1152 1158
2715 2716
399 401
2116 2120
2233 2230
1158 2114
939 940
933 934
478 479
152 153
387 399
1095 1096
397 387
941 942
1095 1097
943 942
943 941
2735 2736
2228 2229
2119 2120
2271 2270
935 939
2227 2228
2708 2709
1103 1105
394 395
1101 1102
1153 1150
331 326
2111 2106
931 932
2764 2765
407 409
2763 2762
146 147
2196 2197
2692 2693
842 843
840 843
907 911
841 840
898 899
385 386
395 384
897 898
898 900
910 920
904 908
920 923
2198 2200
905 906
323 324
903 904
849 855
2201 2202
895 894
2207 2208
2755 2758
888 889
320 319
886 887
445 454
452 453
914 915
451 452
453 454
893 914
851 852
892 893
1081 1083
879 880
913 917
912 913
890 891
388 389
2204 2205
181 182
875 876
873 874
2101 2102
325 327
383 382
425 435
826 828
1067 1069
1074 1075
2195 819
801 1074
872 1050
755 827
857 858
1073 801
142 144
311 312
224 311
144 145
185 186
290 291
223 224
306 307
752 754
747 748
758 759
781 779
304 305
739 740
738 739
273 274
756 757
268 265
743 744
743 744
51 62
780 796
794 780
281 282
219 220
122 121
52 54
55 49
63 64
46 47
123 124
116 117
213 214
32 33
237 207
35 36
38 37
200 201
85 79
83 85
90 89
204 205
204 202
93 95
73 74
258 259
259 261
261 258
258 247
246 247
260 259
260 261
247 248
246 248
256 260
254 256
248 253
253 254
256 257
253 255
251 257
250 251
255 250
732 783
5 6
8 9
11 12
25 26
38 39
40 41
43 44
52 53
51 66
67 68
74 75
77 78
83 84
87 88
93 94
100 101
107 108
110 111
113 114
117 118
130 131
134 135
136 137
142 143
148 149
153 154
156 157
177 178
179 180
183 184
192 193
197 198
202 203
211 212
215 216
218 222
225 226
214 230
235 236
243 244
242 245
249 262
266 267
268 269
274 275
279 280
285 286
294 295
297 298
302 303
305 308
320 321
328 329
340 341
344 345
360 361
376 377
379 380
391 392
395 396
399 400
403 404
407 408
411 412
301 415
418 392
423 424
427 428
429 427
433 434
440 441
448 449
459 460
461 462
465 466
469 470
473 471
476 477
481 482
488 489
492 493
504 509
515 516
520 521
524 525
530 531
534 535
536 534
543 544
547 548
551 553
559 560
563 564
568 569
575 576
581 582
541 586
597 598
602 603
607 611
621 622
624 625
632 633
638 639
644 646
650 651
656 658
664 665
674 675
681 682
680 683
694 695
697 699
708 709
711 712
714 715
721 712
729 730
733 734
741 742
752 753
746 734
761 768
771 772
775 776
785 786
792 793
798 799
807 808
811 812
820 821
822 823
830 831
834 835
836 837
852 853
855 856
858 860
859 861
868 869
869 866
860 766
895 896
909 910
907 909
915 916
936 937
944 945
947 948
954 952
953 954
955 956
959 958
960 959
967 968
974 975
990 991
997 998
1003 1004
1010 1011
1019 1020
1021 1022
1032 1033
1036 1037
1039 1040
1041 1042
1051 1052
1053 1054
1058 1059
1060 1061
1062 1063
1065 1066
1067 1068
1070 1071
1076 1077
1078 1079
1084 1085
1086 1087
1087 1088
1098 1099
1103 1104
1116 1036
1124 1125
1126 1127
1128 1129
1132 1133
1140 1141
1145 1146
1152 1157
1164 1165
1163 1167
1181 1182
1182 1187
645 618
983 1196
1197 1198
1211 1213
1218 1219
1239 1240
1253 1254
1264 1265
1271 1272
1029 1287
1290 1291
1301 1302
1295 1310
1317 1318
1320 1321
1347 1348
1353 1354
1355 1356
1361 1362
1374 1375
1382 1383
1387 1388
1394 1395
1400 1401
1413 1414
1426 1427
1434 1440
1447 1448
1446 1451
1466 1468
1473 1476
1490 1491
1460 1498
1518 1519
1523 1524
1567 1569
1514 1576
1599 1600
1602 1603
1606 1608
1613 1618
1651 1652
1664 1665
1673 1674
1677 1678
1680 1681
1697 1698
1704 1705
1709 1710
1712 1713
1718 1719
1728 1729
1729 1731
1428 1736
1738 1746
1748 1749
1749 1744
1725 1753
1764 1765
1774 1775
1745 1782
1796 1797
1810 1811
1815 1816
1173 1824
1826 1827
1822 1828
1831 1838
1845 1846
1850 1851
1860 1864
1867 1868
1869 1870
1896 1898
1903 1890
1892 1903
1806 1920
1917 1928
1932 1933
1911 1936
1951 1952
1948 1954
1949 1958
1960 1961
1961 1962
1964 1965
1972 1973
1795 1981
1985 1986
2010 2005
2011 2010
2017 2014
2019 2020
2023 2017
2028 2029
2030 2028
2033 2034
2037 2038
2047 2048
2060 2059
2064 2065
2065 2071
2076 2077
2080 2081
2093 2094
2096 2097
2102 2103
2111 2112
2117 2118
2116 2121
2122 2123
2134 2135
2138 2142
2152 2153
2158 2159
2165 2167
2166 2168
2175 2176
2177 2178
2187 2188
2191 2192
2198 2199
2202 2203
2208 2209
2212 2213
2222 2223
2229 2232
2230 2234
2241 2242
2244 2245
2249 2250
2258 2259
2263 2264
2268 2269
2276 2277
2282 2288
2290 2291
2284 2298
2299 2300
2302 2303
2306 2307
2309 2310
2314 2315
2316 2317
2324 2325
2332 2333
2341 2342
2342 2344
2354 2355
2365 2366
2369 2370
2373 2374
2379 2380
2386 2387
2397 2398
2402 2404
2408 2409
2411 2412
2418 2060
2359 1964
2429 2430
2433 2434
2437 2438
2444 2445
2447 2448
2464 2465
2474 2475
2483 2487
2400 2492
2496 2495
2502 2503
2506 2507
2509 2510
2519 2523
2526 2527
2543 2544
2553 2554
2559 2561
2565 2566
2574 2575
2583 2584
2587 2588
2589 2590
2596 2597
2598 2267
2595 2598
2603 2604
2606 2607
2610 2611
2615 2616
2626 2610
2625 2628
2634 2636
2638 2640
2642 2643
2649 2650
2651 2652
2660 2661
2662 2663
2665 2666
2668 2670
2675 2676
2688 2689
2694 2695
2698 2699
2702 2703
2706 2707
2717 2718
2730 2731
2738 2741
2743 2744
2756 2757
2759 2760
2766 2767
2773 2774
2779 2780
2782 2783
2784 2785
2791 2792
2793 2794
2797 2800
2804 2805
2808 2809
2819 2820
2828 2829
2834 2835
2837 2838
2841 2842
2848 2849
2858 2859
2864 2865
2823 2867
2872 2873
2879 2880
2884 2885
2891 2892
2897 2898
2899 2900
2906 2907
2918 2919
2926 2928
2935 2936
2943 2944
2948 2949
2950 2951
2958 2959
2967 2968
2975 2976
2979 2980
2987 2988
2991 2992
3002 3004
3007 3008
3018 3019
668 3021
3025 3026
3029 3030
2996 3035
3039 3040
3041 3042
3033 3034
3047 3048
3052 3053
3061 3062
3063 3064
3074 3075
3080 3081
3085 3086
3089 3090
3094 3095
3102 3103
3113 3114
3116 3117
3118 3119
3128 3129
3130 3131
3141 3142
3151 3152
3155 3156
3160 3161
3163 3165
3166 3167
3169 3170
3171 3172
2484 3174
3177 3178
3182 3183
3193 3195
3185 3201
3201 3202
3215 3216
3220 3221
3228 3231
3238 3239
3239 3237
3243 3244
3246 3247
3248 3249
3254 3260
3271 3272
2533 3279
3283 3284
3291 3292
3296 3297
3287 3301
3303 3304
3308 3309
3267 3314
3320 3321
3337 3338
3334 3338
3340 3341
3346 3347
2982 2983
2962 2963
3132 3133
3147 3148
2506 2504
1253 1249
617 618
3240 3230
3230 3215
3215 3212
2972 2973
2970 2971
2973 2971
2983 2984
2678 2680
728 196
2 1
0 1
3 1
2971 2981
3013 3014
3325 3326
3325 3319
3318 3319
3328 3319
3327 3319
3322 3324
3322 3323
3348 3349
3348 3323
3350 3351
3350 2960
2954 2960
2956 2960
2964 2914
2946 2914
2950 2914
2950 2913
2915 2913
2912 2913
2915 2914
2912 2914
2682 2684
2683 2684
2684 2680
790 195
784 195
196 195
726 195
194 195
2327 2323
2323 1887
7 4
3 4
7 5
11 7
20 3
13 11
20 16
21 20
14 19
24 25
23 24
29 27
29 30
32 29
31 27
33 31
33 34
37 35
35 32
27 28
42 28
40 28
40 31
42 40
45 42
55 45
50 43
48 45
47 40
36 34
46 34
48 47
52 43
52 50
48 49
63 49
54 55
57 36
56 37
56 57
56 58
58 30
116 57
59 46
59 57
61 54
60 50
60 61
64 59
116 64
121 64
122 63
65 61
50 51
60 62
71 25
69 24
70 71
76 71
69 70
72 69
80 76
77 76
77 70
81 77
80 73
81 80
82 81
86 72
85 86
77 79
91 86
90 79
89 82
87 89
91 90
92 73
96 92
93 92
102 98
96 98
95 96
99 82
99 95
97 99
97 87
95 97
100 97
105 103
102 103
109 105
107 102
100 98
106 107
110 106
127 30
113 58
115 56
115 117
113 115
125 113
124 115
124 125
123 117
119 120
123 119
120 122
120 65
119 121
126 72
127 125
127 126
128 65
129 128
129 67
130 65
132 126
133 91
134 132
132 133
112 133
110 112
223 130
142 144
145 62
146 147
148 146
150 148
10 150
151 150
151 145
152 151
155 152
171 155
8 10
159 158
156 19
164 156
158 8
159 19
159 160
161 159
166 167
171 10
171 158
172 171
168 172
173 172
175 162
175 176
177 175
181 155
183 182
223 186
187 174
170 169
187 179
189 170
190 189
190 187
163 170
191 189
726 194
103 104
107 109
199 109
197 105
104 197
201 199
197 199
204 197
205 201
104 194
229 200
206 205
208 106
208 200
209 208
210 112
209 210
228 211
213 208
228 213
215 209
219 210
217 136
219 217
221 215
221 214
225 223
217 218
227 211
228 227
237 229
229 227
231 214
231 232
233 231
234 221
234 220
234 233
235 232
238 233
237 232
240 207
206 207
239 235
238 239
240 239
241 220
243 238
243 241
241 242
270 241
726 252
250 252
246 249
251 255
257 254
263 252
264 240
272 264
266 206
270 265
271 270
264 265
273 272
284 272
273 271
276 271
288 279
281 263
277 278
281 278
277 272
283 276
299 284
289 284
289 285
289 287
287 277
290 276
416 291
299 294
287 288
288 278
296 282
297 296
306 299
300 301
302 300
304 299
310 307
309 302
309 310
312 183
315 225
314 312
316 314
313 314
317 313
322 313
318 316
319 322
318 319
323 318
328 317
331 322
394 326
328 330
333 332
398 333
335 190
335 191
337 317
337 335
342 337
338 337
2985 354
342 340
343 342
343 328
339 343
338 339
346 339
352 349
334 347
352 334
333 334
353 338
353 354
355 353
356 344
356 355
357 356
358 355
359 357
362 358
354 362
364 357
363 364
362 363
348 350
350 364
366 368
369 368
371 368
325 316
384 324
378 376
378 327
388 378
381 379
383 381
385 384
390 386
388 381
390 389
418 390
397 394
385 387
397 398
405 403
405 402
393 386
410 409
410 393
455 410
391 393
414 413
414 402
430 301
425 416
430 416
417 389
422 417
419 418
422 419
419 420
428 420
443 417
442 426
429 422
446 429
431 430
432 300
436 432
432 309
436 431
433 431
423 425
439 433
439 435
437 436
822 437
439 437
1180 1178
1179 1178
1181 1180
1185 1183
1187 1183
1189 1187
1188 1181
1190 1188
1185 1186
1190 623
1192 1190
1191 1189
1192 1191
1195 1192
1193 1186
983 977
1197 983
1201 1197
1215 1212
1202 1201
1210 1201
1211 1203
1206 1208
1214 1206
1303 1214
1216 643
1216 647
1217 1216
1205 1194
1227 647
1228 654
1261 1223
1224 1226
1228 1227
1441 1228
1235 1231
1441 1235
1238 1209
1238 1236
1248 1243
1255 1256
1254 1255
1259 1255
1274 1232
1273 1234
1273 1274
1273 1275
1283 1273
1284 1274
1283 1282
1370 1284
1283 1284
1372 1283
1290 1289
1199 1200
1292 1288
1298 1290
1294 1292
1293 1292
1297 1289
1296 1290
1309 1293
1309 1294
1296 1297
1298 1296
1299 1029
1315 1297
1300 1299
1214 1215
1200 1215
1305 1200
1301 1215
1305 1299
1320 1305
1306 1200
1307 1306
1308 1307
1309 1044
1311 1295
1312 1309
1312 1311
1312 1313
1314 1296
1314 1315
1314 1311
1316 1312
1667 1047
1316 1313
1668 1316
1319 1312
1323 1320
1322 1306
1322 1320
1324 1322
1345 1328
1330 1331
1394 1331
1337 1334
1338 1319
1345 1344
1346 1345
1406 1346
1347 1345
1349 1248
1349 1254
1350 1255
1353 1259
1349 1351
1352 1351
1351 1355
1358 1352
1357 1250
1357 1355
1393 1358
1350 1352
1359 1353
1364 1359
1361 1360
1363 1364
1361 1363
1377 1368
1374 1376
1376 1372
1377 1359
1379 1366
1384 1379
1418 1384
1391 1357
1390 1331
1392 1393
1394 1391
1394 1346
1397 1393
1397 1361
1398 1397
1399 1398
1413 1397
1413 1399
1400 1398
1417 1400
1409 1405
1412 1407
1411 1412
1715 1412
1413 1407
1415 1412
1416 1399
1416 1417
1718 1415
1381 1400
1419 1418
1425 1381
1420 1382
1421 1419
1424 1425
1734 1718
1426 1423
1596 1601
1432 694
1431 1430
1431 1432
1431 1228
1431 1433
1435 704
704 1432
1435 1433
1438 1436
1439 1431
1434 1439
1442 1439
1442 1441
1462 1442
1436 1437
1434 1437
1446 1438
1443 1438
1443 1437
1444 1443
1444 1442
1463 1444
1445 1444
1445 1446
1454 1445
703 706
1449 706
1449 1450
1455 1453
1455 1450
1454 1453
1456 1454
1456 1455
1456 1457
1450 1458
1458 1459
1457 1455
1488 1457
1276 1441
1462 1463
1464 1462
1275 1276
1472 1276
1276 1462
1467 1463
1470 1463
1467 1445
1471 1467
1482 1467
1464 1466
1474 1472
1281 1472
1472 1464
1465 1475
1481 1454
1483 1478
1489 1486
1487 1485
1490 1487
1488 1484
1489 1488
1492 1479
1492 1490
1494 1487
1497 1492
1495 1489
1575 1504
1458 1460
1499 719
1509 1500
1504 1502
1508 1506
1513 1505
1510 1502
1507 1503
1515 1507
1510 1509
1512 1509
1508 1513
1513 1514
1627 1517
1581 1508
1515 1511
1516 1517
1520 1516
1521 1518
1629 1521
1625 1521
1520 1522
1525 1512
1528 1526
1531 1528
1529 1530
1531 1529
1522 1511
1637 1522
1537 1512
1536 1537
1536 1534
1540 1376
1546 1477
1386 1540
1597 1560
1563 1559
1570 1563
1564 1565
1493 1480
1492 1493
1572 1496
1514 1575
1579 1514
1573 1575
1578 1575
1568 1574
1565 1571
1590 1578
1592 1590
1597 1564
1599 1596
1604 1597
1588 1589
1610 1588
1617 1613
1589 1617
1623 1605
1591 1581
1630 1628
1647 1634
1633 1591
1634 1633
1649 1633
1634 1593
1635 1631
1635 1633
1651 1635
1638 1632
1639 1637
1646 1537
1646 1640
1641 1642
1644 1638
1644 1645
1645 1639
1662 1645
1646 1645
1606 1592
1648 1647
1648 1649
1649 1650
1653 1650
1650 1651
1655 1651
1653 1655
1656 1624
1657 1658
1972 1657
2016 1660
2012 1660
2016 1654
1661 1644
1662 1661
1663 1640
1663 1646
1667 1664
1048 1049
1666 1667
1664 1666
1668 1664
1668 1317
1342 1668
1672 1342
1669 1666
1670 1669
1679 1669
1683 1670
1671 1672
1670 1671
1338 1342
1676 1343
1677 1676
1696 1676
1679 1138
1679 1680
1682 1683
1684 1682
1684 1138
1687 1685
1687 1684
1685 1671
1685 1683
1686 1687
1688 1687
1694 1688
1689 1688
1692 1688
1815 1689
1695 1693
1696 1695
1702 1696
1697 1699
1707 1702
1759 1697
1706 1704
1708 1707
1675 1410
1714 1712
1723 1675
1723 1712
1714 1715
1714 1716
1726 1714
1715 1718
1716 1717
1717 1718
1724 1723
1733 1726
1730 1722
1741 1721
1735 1428
1783 1741
1747 1738
1752 1742
1967 1747
1752 1747
1750 1752
1755 1725
1757 1755
1757 1733
1772 1757
1774 1758
1761 1759
1759 1709
1760 1755
1762 1761
1764 1760
1767 1768
1781 1774
1777 1773
1900 1780
1785 1751
1784 1785
1800 1792
1793 1747
1802 1781
1803 1799
1921 1805
1990 1794
1817 1815
1169 1817
1823 1817
1818 1817
1818 1690
1821 1818
1823 1168
1173 1823
1175 1825
1826 1821
1818 1819
1842 1826
1833 1830
1830 1708
1711 1832
1830 1832
1839 1832
1833 1829
1833 1822
1837 1833
1835 1837
1841 1831
1834 1836
1841 1839
1869 1836
1869 1840
1175 1173
1172 1175
1845 1825
1844 1819
1844 1842
1863 1844
1850 1819
1848 1845
1847 1845
2129 1847
1855 1847
1849 1855
1852 1854
2314 1856
1857 1853
1859 1857
1857 1858
1874 1859
1843 1837
1854 1863
1865 1863
1866 1867
1871 1867
1882 1869
1872 1869
1877 1871
1874 1865
1859 1860
1875 1873
2320 1875
1874 1875
1880 1882
1884 1878
1950 1885
1711 1766
1766 1888
1889 1769
1901 1890
1891 1777
1908 1904
1945 1918
1929 1930
1925 1922
1916 1919
1931 1926
1917 1924
1929 1917
1929 1931
1931 1932
1932 1934
1935 1934
2051 1935
1960 1935
1882 1908
1938 1882
1940 1937
1943 1941
1943 1944
1945 1940
1941 1942
1953 1943
1947 1942
1949 1930
1947 1949
1944 1950
1951 1944
1957 1951
1953 1948
1956 1953
1951 1953
1955 1947
1956 1955
1957 1956
2349 1957
2350 1956
1959 1929
1949 1959
1959 1960
1962 1959
2051 1962
1949 1955
1966 1598
1968 1966
1967 1966
1966 1604
1979 1968
1602 1621
1969 1602
1974 1616
1657 1659
1659 1972
1659 1974
1970 1974
2013 1972
2015 2013
1976 1970
1975 1976
2015 1977
1979 1980
1982 1968
1985 1980
1754 1982
1985 1754
1994 1985
1998 1987
1995 1988
1989 1979
1989 1991
2027 1989
2004 1995
1999 2000
2004 1999
2006 1999
2001 2002
2003 2001
2007 2004
2006 2002
2008 1994
2008 2007
2036 2007
2011 2003
2036 2011
2039 2003
2012 2013
2018 2012
2021 2016
2019 2018
2022 2021
2022 1663
2023 1978
2024 2023
2024 2018
2025 2024
2025 2022
2027 1934
2031 2027
2032 2009
2049 2031
2052 2031
2032 2031
2035 2032
2052 2033
2008 2009
2037 2008
2040 2037
2039 2036
2040 2039
2041 2039
2061 2035
2061 2040
2043 2040
2041 2042
2067 2045
2046 2044
2066 2046
2049 2047
2050 2047
2054 2051
2053 2052
2059 2053
2055 1965
2057 2055
2056 2055
2411 2056
2411 2057
2058 2059
2072 2053
2062 2061
2066 2062
2068 2046
2068 2066
2069 2067
2072 2063
2425 2072
2418 2072
2071 2070
2073 2070
2424 2071
2074 2073
2074 2071
2451 2074
2086 2073
2075 2041
2075 2067
2076 2075
2082 2076
2025 2026
2078 2067
2083 2079
2085 2079
2084 2083
2084 2085
2088 2084
2086 2080
2087 2085
2450 2086
2087 2086
2452 2087
2093 2089
2457 2089
2090 2082
2091 2090
2026 2090
2091 2088
2092 2026
2095 2091
2095 2093
2098 802
2099 2098
2099 1072
2100 2099
1083 2099
1148 1083
1147 1148
2105 1148
2101 809
2101 2100
2104 2100
2104 2105
2107 2108
2158 2108
2107 2104
2107 2109
2110 2107
2106 2115
2119 2115
2114 2115
2119 2113
2105 2106
2117 2108
2119 2117
2162 2120
2125 2122
2127 2125
2128 2116
2127 2128
2131 2125
2134 2127
2124 2126
2130 2126
2126 2129
2131 2130
2134 2131
2139 2130
2136 2132
2136 2134
2132 2133
2141 2131
2140 2134
2141 2139
2141 2140
2149 2141
2138 2133
2143 2133
2144 2145
2136 2138
2146 2137
2148 2138
2147 2146
2155 2146
2154 2147
2137 2140
2152 2149
2148 2145
2154 2148
2154 2155
2155 2156
2166 2154
2166 2145
2169 2155
2156 2152
2157 2156
2177 2161
2158 2110
2160 2161
2162 2143
2162 2161
2163 2144
2181 2162
2180 2165
2163 2165
2169 2166
2170 2157
2164 2166
2171 2164
2171 2170
2171 2172
2173 2171
2183 2173
2175 2173
2189 2174
2177 2179
2186 2182
2184 2185
2184 2186
2246 2184
2186 2187
2189 2173
2190 2189
2191 2190
2193 2189
2193 2187
2255 2193
2191 2193
817 809
817 2104
816 817
2194 817
2206 2194
2197 2110
2196 2109
2200 2196
2109 2194
2206 2201
2200 2201
818 819
2194 2195
2207 2206
2211 2207
2210 2211
2210 2204
2212 2210
2214 2110
2214 2197
2214 2160
2215 2160
2216 2215
2217 2216
2224 2218
2220 2216
2220 2218
2222 2221
2224 2222
2225 2226
2227 2226
2231 2225
2225 2227
2233 2219
2217 2219
2219 2226
2233 2218
2233 2227
2230 2224
2235 2224
2235 2236
2240 2235
2228 2230
2237 2230
2237 2235
2238 2240
2239 2237
2241 2238
2243 2239
2244 2215
2247 2246
2248 2246
2247 2185
2236 2247
2249 2247
2248 2249
2323 2327
1887 2323
4 7
4 3
5 7
7 11
3 20
11 13
16 20
20 21
19 14
25 24
24 23
27 29
30 29
29 32
27 31
31 33
34 33
35 37
32 35
28 27
28 42
28 40
31 40
40 42
42 45
45 55
43 50
45 48
40 47
34 36
34 46
47 48
43 52
50 52
49 48
49 63
55 54
36 57
37 56
57 56
58 56
30 58
57 116
46 59
57 59
54 61
50 60
61 60
59 64
64 116
64 121
63 122
61 65
51 50
62 60
25 71
24 69
71 70
71 76
70 69
69 72
76 80
76 77
70 77
77 81
73 80
80 81
81 82
72 86
86 85
79 77
86 91
79 90
82 89
89 87
90 91
73 92
92 96
92 93
98 102
98 96
96 95
82 99
95 99
99 97
87 97
97 95
97 100
103 105
103 102
105 109
102 107
98 100
107 106
106 110
30 127
58 113
56 115
117 115
115 113
113 125
115 124
125 124
117 123
120 119
119 123
122 120
65 120
121 119
72 126
125 127
126 127
65 128
128 129
67 129
65 130
126 132
91 133
132 134
133 132
133 112
112 110
130 223
144 142
62 145
147 146
146 148
148 150
150 10
2253 2248
2236 2221
2251 2236
2252 2249
2260 2252
2254 2249
2260 2254
2253 2255
2256 2257
2258 2251
2240 2258
2261 2260
2262 2240
2294 2262
2263 2261
2265 2256
2266 2265
2228 2231
2268 2270
2270 2272
2273 2229
2273 2237
2274 2231
2273 2274
2275 2273
2275 2239
2285 2243
2274 2271
2278 2274
2280 2278
2281 2276
2279 2271
2285 2283
2272 2211
2272 2287
2289 2272
2278 2279
2282 2279
2282 2289
2290 2292
2294 2243
2285 2286
2286 2294
2295 2286
2284 2286
2296 2265
2296 2295
2297 2296
2306 2297
2283 2284
2284 2292
2301 2295
2304 2301
2304 2302
2301 2299
2311 2306
2304 2305
2308 2305
2308 2297
2311 2308
2724 2309
1855 2312
2313 2312
2312 1847
2313 2129
2318 2312
2316 1855
1858 2314
2151 2139
2316 1858
2149 2151
2319 2318
1859 1861
1861 2318
2324 1861
2322 1874
2322 2320
2326 2321
2326 2322
2328 1886
2323 2321
2329 2323
2326 2324
2327 2326
2330 2327
2328 2329
2150 2319
2150 2157
2332 2150
2334 2335
2337 2334
2337 2336
2339 2340
2343 2328
2345 2343
2336 2339
2334 2336
2337 2338
2346 2344
2347 2345
2347 2346
2348 1950
2348 1957
2351 2348
2353 2350
2349 2350
2351 2349
2354 2350
2352 2328
2352 2351
2353 1955
1963 2353
1962 1963
2359 1962
2356 1963
2357 2356
2360 2356
2361 2352
2388 2345
2360 2358
2362 2361
2363 2360
2362 2363
2335 2332
2335 2174
2367 2365
2365 2190
2367 2337
2369 2368
2372 2338
2371 2372
2373 2372
2375 2347
2373 2375
2369 2371
2384 2375
2376 2190
2377 2376
2378 2191
2378 2377
2376 2368
2379 2377
2540 2379
2382 2371
2381 2376
2381 2382
2383 2382
2384 2383
2542 2383
2541 2381
2543 2403
2388 2386
2385 2388
2394 2363
2396 2395
2397 2395
2400 2396
2399 2396
2399 2397
2406 2399
2384 2385
2401 2384
2403 2401
2401 2402
2405 2397
2410 2406
2410 2408
2413 2058
2413 2411
2421 2056
2417 2411
2414 2413
2419 2058
2419 2418
2426 2419
2416 2417
2433 2417
2435 2423
2431 2420
2427 2425
2426 2415
2426 2427
2429 2426
2428 2427
2429 2428
2429 2431
2432 2424
2435 2364
2435 2431
2436 2431
2436 2364
2363 2364
2437 2439
2440 2428
2441 2440
2442 2436
2446 2442
2441 2432
2446 2437
2447 2446
2447 2449
2455 2451
2452 2450
2455 2453
2456 2452
2459 2453
2458 2087
2458 2457
2458 2456
2462 2457
2459 2454
2460 2459
2471 2460
2464 2456
2461 2458
2463 2461
2466 2464
2466 2460
2467 2466
2467 2461
2462 2095
2461 2462
2463 2026
2485 2463
2482 2469
2471 2432
2472 2471
2449 2478
2472 2467
2443 2472
2443 2463
2442 2443
2473 2443
2476 2474
2485 2469
2482 2483
2486 2485
2486 2483
2489 2486
2481 2474
2488 2485
2512 2481
2489 2488
2439 2394
2400 2491
2399 2400
2493 2400
2493 2491
2498 2493
2497 2493
2494 2446
2495 2494
2501 2495
2494 2477
2407 2497
2406 2407
2499 2497
2497 2498
2500 2407
2500 2499
2502 2500
2501 2498
2504 2501
2502 2410
2504 2499
2525 2477
2508 2501
2516 2479
2512 2488
2513 2514
2509 2511
2526 2525
2525 2508
2529 2511
2530 2529
2642 2529
2644 2530
2531 2530
2534 2378
2534 2255
2535 2534
2257 2534
2537 2535
2536 2535
2537 2257
2538 2536
2539 2538
2539 2537
2540 2536
2541 2542
2546 2542
2545 2543
2548 2549
2546 2545
2547 2546
2547 2538
2550 2548
2548 2547
2550 2551
2558 2551
2551 2552
2560 2552
2558 2560
2553 2539
2555 2553
2555 2256
2594 2266
2266 2267
2556 2555
2563 2559
2562 2550
2562 2556
2562 2563
2563 2564
2556 2557
2557 2267
2601 2557
2568 2562
2567 2568
2567 2569
2571 2403
2571 2545
2572 2571
2572 2552
2573 2572
2574 2402
2580 2573
2573 2574
2581 2574
2576 2577
2579 2408
2579 2578
2564 2560
2564 2580
2580 2581
2583 2581
2586 2580
2581 2577
2570 2586
2585 2586
2587 2579
2591 2587
2618 2591
2589 2592
2594 2595
2596 2594
2599 2296
2600 2596
2600 2599
2601 2565
2601 2595
2602 2569
2603 2602
2603 2601
2605 2599
2606 2605
2605 2311
2606 2608
2609 2600
2608 2609
2626 2608
2611 2608
2614 2586
2612 2585
2615 2614
2623 2614
2617 2612
2630 2613
2630 2619
2623 2602
2622 2609
2627 2622
2624 2622
2627 2626
2802 2627
2625 2629
2630 2624
2629 2630
2579 2505
2505 2410
2504 2505
2631 2505
2632 2631
2632 2633
2635 2508
2528 2635
2633 2635
2639 2528
2526 2528
2639 2634
2637 2632
2592 2593
2638 2639
2637 2638
2645 2644
2645 2647
2647 2642
2648 2647
2651 2653
2654 2651
2654 2647
2655 2653
2655 2654
3290 2648
2621 2592
2620 2621
2656 2621
2641 2656
2657 2641
2657 2653
2658 2657
2659 2658
2660 2656
2660 2621
2662 2659
2664 2655
2664 2665
2667 2664
2669 2659
2669 2667
789 790
2674 789
2675 2674
2680 2674
2678 797
2677 815
2677 818
2677 2678
2696 2697
2681 2682
2683 2681
2686 2212
2685 2287
2691 2687
2690 2691
2696 2694
2698 2690
2701 2698
2700 2693
2701 2700
2702 2700
2688 2287
2293 2289
2290 2293
2705 2292
2705 2293
2712 2705
2706 2293
2710 2706
2710 2712
2739 2711
2717 2719
2720 2299
2720 2712
2727 2720
2721 2720
2726 2722
2721 2305
2723 2722
2725 2724
2727 2726
2719 2727
2728 2719
2728 2726
2732 2729
2730 2726
2733 2723
2732 2730
2733 2730
2734 2732
2704 2709
2735 2704
2737 2736
2737 2738
2750 2743
2702 2704
2745 2746
2745 2737
2747 2729
2749 2740
2750 2749
2751 2749
2751 2748
2746 2750
2752 2746
2752 2751
2753 2696
2753 2690
2753 2754
2756 2754
2753 2681
2754 2755
2755 2701
2758 2682
2764 2758
2761 2759
2761 2762
2769 2765
2769 2766
2768 2745
2772 2768
2770 2769
2771 2763
2782 2771
2770 2771
2772 2770
2776 2752
2778 2776
2775 2776
2778 2768
2779 2775
2777 2781
2775 2777
2786 2784
2896 2786
2789 2778
2787 2789
2786 2787
2788 2789
2791 2788
2725 2605
2803 2793
2796 2725
2796 2793
2798 2796
2798 2799
2795 2799
2814 2795
2802 2611
2803 2802
2814 2803
2804 2806
2812 2806
2807 2629
2807 2806
2811 2807
2811 2810
2815 2812
2817 2815
2811 2812
2816 2811
2830 2816
2818 2801
2801 2817
2821 2819
2822 2823
2826 2827
2831 2826
2827 2830
2844 2816
2831 2819
2875 2831
2876 2830
2876 2850
2810 2813
2836 2834
2832 2833
2833 2836
2837 2833
2672 2669
2840 2672
2840 2836
2671 2672
2841 2671
3329 2841
2843 2840
2844 2845
2846 2837
2848 2844
2848 2847
2850 2848
2883 2850
2858 2843
2855 2843
2862 2856
2862 2863
2886 2864
2866 2862
2886 2866
2868 2823
2869 2823
2868 2777
2869 2868
2790 2825
2790 2869
2870 2790
2788 2790
2874 2872
2874 2870
2870 2871
2882 2878
2881 2870
2881 2879
2882 2881
2884 2857
2890 2887
2888 2866
2886 2887
2891 2893
2894 2888
2933 2893
2893 2887
2933 2895
2761 2682
2897 2896
2902 2787
2901 2899
2902 2901
2903 2896
2904 2903
2906 2905
2904 2905
2908 2902
2908 2905
2909 2908
2910 2909
2929 2910
2911 2910
2917 2903
2920 2904
2920 2909
2921 2920
2918 2911
2922 2921
2922 2911
2923 2922
2916 2917
2950 2917
2950 2921
2924 2874
2924 2901
2927 2924
2925 2927
2929 2925
2930 2929
2931 2882
3350 2895
2934 2932
2937 2935
2938 2937
2939 2934
2942 2938
2934 2933
2943 2930
2930 2923
2945 2927
2946 2923
2945 2947
2948 2947
2947 2937
2955 2940
2952 2946
2952 2953
2957 2952
2962 2957
2961 2962
2964 2965
2966 22
2970 2966
2969 165
2972 2970
2972 2969
2974 170
2974 2969
2974 354
2974 2975
2977 2972
2977 2973
2978 2977
2978 2975
2979 2978
2986 2985
2987 2986
363 365
365 2986
2989 365
2994 2985
2997 2978
2998 2979
2999 2998
2997 2998
3000 2997
2993 3000
2991 2993
3001 3000
3001 3002
2995 2993
2994 2995
3005 2995
3006 3005
3007 3006
3010 3003
3001 3003
3003 3005
3011 2999
3012 3011
3013 3012
3015 3013
3003 3009
3015 3009
3017 2990
3017 372
3020 3018
3020 3017
668 3022
3023 3022
3023 3024
3027 3020
3027 3029
3032 3028
3024 3027
3024 3028
3033 3028
2994 2996
3038 2996
3036 3031
3036 3037
3039 3038
3023 666
3041 666
3041 3043
3046 677
3047 3046
3043 3047
3049 717
3050 3047
3050 3046
3044 3045
3051 3044
3063 3051
3052 3045
3054 3045
3091 3054
3091 3055
3055 3052
3056 3051
3057 3037
3058 3044
3059 3037
3061 3059
3059 3060
3010 3006
3068 3010
3015 3016
3016 3067
3070 2982
3070 2999
3071 3070
3072 3071
3070 3011
3073 3072
3073 3074
3073 3074
2984 3071
3072 3013
1530 3049
3076 1530
3083 3049
3077 3050
3078 3043
3077 3078
3079 3078
3087 3079
3080 3076
3080 1532
3083 3077
3082 3076
3084 3082
3085 3084
3098 3085
3089 3087
3079 3054
3092 3091
3056 3055
3096 3056
3092 3079
3094 3092
3096 3097
1642 1643
1643 3098
3099 1643
3088 3098
3100 3099
3101 3088
3101 3100
3102 1642
3102 3099
3087 3088
3093 3101
3093 3104
3112 3093
3092 3093
3097 3065
3060 3066
3060 3067
3107 3097
3130 3107
3067 3105
3110 3067
3111 1663
3111 3102
3111 3104
3113 3111
3112 3104
3108 3112
3107 3108
3109 3108
3115 3116
3107 3109
3120 2092
3122 3120
3123 3121
3123 2468
3124 3122
3127 2092
3146 3127
3132 3115
3134 3132
3138 3135
3138 3137
3143 3110
3139 3141
3138 3139
3144 3143
3140 3139
3138 3140
3140 3144
3146 3118
3154 3146
3150 3127
3154 3147
3147 3149
3210 3151
3150 3151
3153 3150
3212 3153
3158 3154
3157 3153
3016 3069
3160 3069
3110 3069
3162 3143
3162 3164
3144 3145
3145 3166
3168 3144
3169 3168
3317 3168
3317 3171
2470 3123
3124 2470
3173 2470
2468 2470
3176 3173
3175 3124
3175 3125
3176 3175
3179 3177
2482 2484
3186 3176
3186 3179
3126 3177
3180 3126
3185 3199
3182 3125
3184 3180
3184 3182
3187 3186
3189 3187
2490 2482
2490 3188
3190 3187
3181 3179
3198 3190
3191 3189
3191 3190
3194 3191
3196 3194
3203 3194
2489 2490
3217 2520
3217 3189
3203 3196
3218 3192
3199 3181
3181 3198
3202 3199
3200 3198
3198 3194
3205 3200
3207 3185
3204 3200
3206 3202
3206 3205
3208 3125
3208 3182
3208 3209
3209 3128
3213 3184
3211 3182
3214 3211
3211 3209
3209 3210
3212 3210
3207 3213
3206 3207
3215 3214
3213 3214
3252 3254
3218 3217
3219 2524
3219 3217
3220 3218
3197 3218
3196 3197
3225 3197
3223 3197
3223 3224
3220 3219
3223 3222
3233 3222
3225 3204
3227 3226
3229 3205
3230 3205
3230 3229
3232 3219
3238 3233
3238 3232
3234 2531
3234 3232
3236 3234
3234 3235
3237 3235
3241 3238
3235 3238
3281 3237
3242 3235
3240 3233
3241 3240
3242 3241
3282 3242
3251 3240
3245 3230
3243 3215
3246 3245
3253 3245
3255 3251
3250 3253
3250 3255
3256 3157
3269 3254
3263 3257
3311 3312
3275 3264
3305 3271
3273 3252
3266 3268
3268 3277
3280 3236
3280 3281
2646 3280
3283 3282
3285 3280
3283 3285
3289 2645
2673 3290
3293 3291
3293 2673
3294 3285
3294 3286
3293 3294
3295 3251
3288 3295
3286 3288
3288 3255
3274 3255
3300 3276
3302 2673
2671 2673
3303 3302
3298 3302
3305 3300
3307 3305
3306 3300
3308 3306
3307 3277
3320 3277
3310 3307
3310 3306
3331 3310
3346 3310
3265 3267
3313 3159
3311 3313
3315 3313
3278 3316
3268 3278
3318 3317
3322 3278
3325 3145
3330 3303
3331 3299
3335 2861
3331 3332
3333 3331
3339 3333
2863 3335
3336 2863
3339 3336
3342 3333
3345 2888
3345 2894
3343 3345
3348 3344
1603 1754
1543 2391
2391 1474
2958 2957
1572 1493
1602 1589
2634 2633
1984 1983
1453 1452
1449 1452
697 696
1452 1446
2033 2035
565 563
1438 706
360 359
359 358
1480 1479
2813 2832
1436 1435
1565 1570
1570 1567
1567 1566
2857 2883
1469 1466
1993 1992
2058 2057
2435 2433
2491 2439
1564 1563
162 161
556 552
552 555
1465 1464
366 350
367 366
351 367
2050 2049
1434 1433
1598 1562
1980 1982
1433 1432
1557 1598
2422 2417
2051 2050
2810 2808
2619 2620
2591 2589
694 693
2395 2394
1596 1595
591 655
2587 2631
1794 1793
2877 2876
2878 2877
1813 1812
653 652
2617 2618
1226 1227
1738 1737
163 166
1799 1798
539 538
1751 1750
1374 1369
1231 1229
1232 1229
1926 1925
1229 1225
541 539
2576 2578
1790 1784
528 527
1784 1783
1809 1922
1919 1809
2827 2828
1919 1921
2613 2612
1805 1804
1787 1786
2582 2577
634 637
584 583
1381 1380
1917 1916
634 632
1417 1424
641 640
631 641
2393 2392
2392 2385
2613 2615
1780 1779
1918 1916
1948 1947
1259 1258
2625 2624
1779 1773
1721 1720
2585 2583
1720 1717
1942 1946
1946 1930
1217 1205
1773 1771
1946 1945
1415 1416
1771 1772
1915 1918
192 191
1914 1915
1727 1722
2622 2623
518 517
1941 1940
2815 2814
2871 2875
189 188
1350 1349
2826 2817
1408 1407
2946 2945
2795 2793
1766 1767
1766 1763
1767 1763
1763 1764
1889 1888
1763 1762
1764 1762
643 642
1890 1888
1247 1243
1761 1760
1403 1402
1246 1247
1939 1938
1904 1902
1725 1724
2825 2824
1245 1244
2569 2568
1902 1901
1840 1902
1241 1244
2559 2558
1241 1239
1839 1901
1675 1673
2565 2567
1871 1872
1836 1841
1208 1209
1208 1207
1207 1209
1883 1878
1878 1877
442 443
442 451
440 445
443 446
391 421
421 420
455 421
455 456
456 457
409 458
458 457
457 459
428 463
461 463
458 464
413 464
464 468
468 469
467 465
467 468
467 570
463 447
447 446
450 447
450 448
450 471
456 472
472 471
472 474
472 490
474 475
448 476
476 836
474 478
478 476
475 495
480 479
478 483
479 485
481 484
484 485
485 486
487 936
486 949
490 491
475 488
491 496
491 492
492 498
480 481
495 494
484 499
494 499
499 500
498 496
498 501
500 502
502 501
503 502
505 508
508 511
506 508
504 510
508 513
510 511
512 960
334 514
515 517
352 517
518 519
514 519
519 522
522 520
514 406
406 405
406 523
414 526
524 526
522 527
529 528
528 535
530 532
532 581
533 529
530 533
529 537
536 537
537 538
540 538
351 542
542 545
373 543
373 545
518 546
542 546
527 546
545 549
547 549
373 370
546 550
551 550
549 558
536 554
552 550
535 555
555 554
554 557
556 557
540 557
550 558
558 562
556 561
561 563
561 559
562 566
566 568
526 573
526 572
572 573
523 574
573 574
574 577
571 570
571 575
577 578
579 613
580 613
523 581
532 585
533 583
537 584
583 585
584 541
585 587
587 589
589 599
577 593
593 592
592 580
594 593
581 588
594 588
588 595
588 587
595 596
596 597
595 590
594 626
595 627
587 590
590 589
599 597
570 600
601 606
578 601
600 604
492 604
604 507
498 507
507 506
507 605
606 608
602 607
607 606
612 607
613 612
612 615
615 617
620 623
616 1194
592 614
624 628
626 624
614 612
614 628
626 627
629 628
627 629
630 629
599 636
632 635
596 635
630 635
632 636
636 637
638 637
631 630
635 640
634 640
629 647
614 642
644 642
645 643
631 649
631 648
649 648
650 649
649 652
653 692
648 654
652 654
653 1430
540 565
540 657
539 591
656 655
591 589
657 655
657 659
565 659
659 660
661 662
661 660
561 567
660 664
661 663
668 666
568 671
672 671
669 667
667 670
663 662
663 673
673 674
673 672
672 676
670 676
676 677
638 679
679 689
662 680
680 679
680 684
680 685
681 685
685 688
684 688
684 702
687 689
689 690
650 690
690 691
687 686
687 696
691 692
692 693
691 693
694 1430
693 704
698 696
686 698
698 700
702 701
700 701
700 707
701 723
704 703
705 703
705 1447
705 707
702 710
708 710
711 722
678 716
678 677
714 713
711 716
713 717
710 722
720 722
720 725
720 719
707 724
721 718
716 718
718 717
726 728
259 727
263 727
727 728
196 732
729 731
733 735
727 735
735 736
745 743
282 738
296 738
304 739
746 744
740 741
740 747
310 749
309 438
438 749
748 750
750 754
749 750
750 751
749 751
751 755
755 754
746 756
736 757
756 758
759 760
754 760
760 762
761 760
764 763
762 763
762 769
766 765
765 764
737 736
731 737
737 791
757 777
761 769
771 773
771 770
775 777
777 778
779 778
781 782
770 769
770 782
782 1073
782 800
801 800
732 731
732 787
787 788
788 787
788 789
791 795
791 794
792 794
785 795
780 778
800 798
800 802
802 803
796 805
805 806
806 804
804 803
803 809
809 807
795 810
789 810
810 797
797 796
811 813
805 813
813 815
815 814
818 820
820 2679
438 437
822 824
825 824
824 844
827 829
827 828
764 829
828 862
826 824
830 832
832 863
439 833
825 833
825 834
836 842
454 838
838 841
843 929
834 844
830 844
844 845
846 845
845 847
847 851
847 848
848 850
846 851
851 879
852 854
850 854
854 881
833 849
849 848
850 881
855 897
435 901
829 857
859 857
859 862
864 867
863 866
866 873
867 868
867 890
868 877
774 870
862 873
873 875
877 875
877 912
859 874
874 871
871 870
871 876
876 1053
846 878
878 865
865 890
881 895
854 884
881 885
894 889
880 891
891 892
887 914
887 893
889 915
894 905
897 900
901 902
899 901
899 907
838 902
900 906
902 911
889 903
905 903
906 904
904 918
907 906
911 908
908 910
890 912
912 1056
892 913
917 1057
915 918
918 919
919 921
917 921
922 921
920 919
922 923
923 925
925 926
926 1062
925 927
927 928
926 928
842 930
483 930
930 932
929 931
483 933
935 933
934 935
936 933
487 938
934 940
939 941
930 941
932 943
940 946
929 944
931 944
946 965
942 964
949 950
500 950
949 951
938 934
950 953
500 952
951 955
955 953
946 955
510 957
952 957
510 958
961 1179
958 962
957 963
963 962
961 962
976 1184
955 965
953 966
965 966
966 970
964 971
969 967
971 970
970 972
971 969
971 973
972 973
969 974
974 1019
973 978
963 970
976 977
972 980
979 1023
980 1024
977 981
981 1026
983 982
982 1199
981 982
902 984
984 994
985 984
947 985
987 986
986 990
947 988
988 986
985 987
987 990
985 1000
988 1034
990 1034
908 992
984 992
992 993
994 1000
994 995
995 997
993 997
996 995
927 993
993 999
996 1003
996 999
1000 1001
990 1001
1001 1002
1002 1035
1003 1005
1001 1005
1005 1006
1008 1006
1009 1008
1005 1091
964 989
967 1015
1013 1017
989 988
1014 989
1013 1015
1016 1014
969 1013
1018 1017
1019 1018
1016 1021
1014 1021
1018 1021
989 1021
1019 1025
978 1025
1023 1025
1024 1023
1024 1026
1026 1027
1027 1028
1027 1031
1031 1288
1024 1041
1034 1035
1035 1038
1035 1037
1008 1113
1038 1039
1043 1045
1044 1043
1038 1045
1044 1046
1045 1046
1047 1048
767 765
1050 767
767 857
763 1050
773 872
872 870
774 1051
1056 1058
1056 1055
1055 1053
774 773
1058 1057
1057 1060
1060 924
924 922
924 1064
1064 1065
1069 1075
1069 1073
1055 1072
1072 1070
1074 2096
1075 2098
1064 1076
1076 1081
1081 1080
1080 1084
1084 1147
928 1090
1086 1090
999 1089
1088 1089
1062 1082
1090 1082
1082 1080
1082 1100
1090 1101
1091 1007
1092 1098
1089 1097
1091 1094
1094 1095
1007 1094
1078 1100
1100 1102
1102 1106
1101 1105
1105 1106
1097 1103
1097 1109
1105 1107
1107 1139
1107 1108
1106 1108
1110 1109
1107 1109
1109 1130
1037 1114
1112 1114
1114 1115
1116 1115
1116 1118
1118 1119
1115 1119
1119 1121
1119 1124
1117 1120
1120 1128
1120 1121
1118 1122
1045 1122
1122 1124
1048 1123
1123 1126
1110 1128
1117 1110
1131 1130
1130 1134
1121 1134
1134 1132
1124 1135
1134 1135
1135 1136
1123 1136
1136 1160
1136 1137
1049 1137
1137 1138
1137 1162
1108 1144
1139 1145
1139 1143
1143 1142
1142 1154
1144 1145
1143 1145
1144 1149
1150 1149
1147 1149
1150 2114
1144 1153
1153 1151
1131 1132
1159 1161
1155 1161
1160 1159
1160 1162
1169 1168
1166 1168
1168 1170
1160 1170
1170 1173
1161 2116
1173 1171
1174 1177
1177 2129
1176 2124
513 1178
1831 1830
2822 2821
580 579
579 578
1707 1706
1876 1877
2926 2925
2338 2346
2801 2799
1835 1834
2321 2320
1339 1344
616 617
616 615
1339 1336
1204 1207
1206 1203
1336 1334
1203 1202
1202 1204
349 348
1862 1837
1341 1338
1338 1337
2541 2540
1195 1194
1863 1843
1694 1693
1212 1211
1343 1672
1211 1210
1212 1210
2781 2818
2797 2798
2797 2796
1317 1319
1821 1820
1691 1692
2368 2367
1690 1689
347 346
1825 1819
336 335
2318 2316
571 572
2319 2151
2734 2797
609 608
609 610
610 608
1295 1294
1294 1298
2734 2733
606 605
2150 2149
1292 1290
1682 1680
2139 2313
1185 1184
1184 1183
2175 2174
601 600
1288 1289
1047 1313
2723 2724
1047 1046
1166 1169
1032 1293
2309 2311
1163 1166
1029 1028
1049 1126
1031 1030
1176 1177
1163 1162
168 169
2170 2169
961 960
2125 2124
1043 1041
2722 2721
2137 2136
2148 2147
976 963
2132 2128
174 173
2729 2728
2164 2163
2748 2747
501 505
504 503
503 505
2254 2253
974 973
2262 2261
2143 2144
2252 2251
402 398
413 401
401 411
953 952
1016 1017
2244 2185
2743 2742
2773 2772
332 330
1014 1015
497 496
2239 2238
2717 2711
2711 2710
2740 2739
3009 3012
3163 3162
3316 3315
3267 3311
3266 3265
3159 3158
3257 3256
3264 3263
3137 3136
3106 3105
3134 3135
3157 3155
3036 3038
3066 3065
3270 3269
3273 3275
3344 3343
3343 3342
3344 3342
3058 3057
3276 3274
3253 3252
3094 3096
3250 3248
3032 3031
3115 3109
3243 3245
3340 3339
3296 3295
3299 3298
3287 3286
3185 3184
3226 3229
3334 3332
3335 3332
3126 3125
3181 3180
3228 3227
3226 3225
3204 3203
3224 3227
3224 3225
3337 3336
3192 3191
3196 3193
3193 3192
3281 3282
2861 2860
2967 2966
3084 3083
3290 3289
3100 3088
2895 2894
3222 3220
2484 3173
2990 2989
3022 3025
2646 2645
2469 2468
1640 1641
1534 1532
667 666
2649 2648
2856 2855
2513 2512
670 669
671 669
2481 2480
1654 1662
2089 2088
1636 1637
2668 2667
1638 1639
2953 2955
713 678
2021 2019
1655 1661
1654 1653
1635 1644
719 721
2083 2082
1521 1520
1511 1510
1626 1625
1628 1627
1627 1625
1516 1515
2453 2452
372 371
1517 1518
2477 2449
2889 2890
2940 2942
2454 2455
2079 2078
2451 2450
2658 2665
2941 2939
2080 2078
2938 2941
1508 1507
2432 2454
2015 2014
567 566
1593 1592
724 725
724 723
725 723
664 567
370 369
2932 2931
1577 1514
2070 2069
2069 2068
1606 1605
559 562
1614 1623
1978 1977
2001 1978
2442 2441
22 21
2440 2444
2425 2424
2064 2063
2063 2062
2847 2846
2005 2002
1496 1495
1616 1615
1607 1605
2641 2593
2007 2006
1970 1969
17 16
18 17
18 15
17 15
14 18
14 13
15 13
16 13
1621 1619
1971 1969
1999 1998
1574 1573
165 164
1588 1585
2593 2637
2839 2837
686 688
2845 2839
496 495
488 490
1131 1140
1142 1131
1093 1092
951 938
2221 2220
494 480
2116 1156
1156 1155
1154 1159
2281 2283
2113 1156
2281 2280
2282 2280
1151 1154
1092 1012
1012 1010
2276 2275
487 486
1012 1007
1007 1006
1152 1155
2218 2217
1152 1151
2714 2713
2113 1158
1158 1152
2716 2715
401 399
2120 2116
2230 2233
2114 1158
940 939
934 933
479 478
153 152
399 387
1096 1095
387 397
942 941
1097 1095
942 943
941 943
2736 2735
2229 2228
2120 2119
2270 2271
939 935
2228 2227
2709 2708
1105 1103
395 394
1102 1101
1150 1153
326 331
2106 2111
932 931
2765 2764
409 407
2762 2763
147 146
2197 2196
2693 2692
843 842
843 840
911 907
840 841
899 898
386 385
384 395
898 897
900 898
920 910
908 904
923 920
2200 2198
906 905
324 323
904 903
855 849
2202 2201
894 895
2208 2207
2758 2755
889 888
319 320
887 886
454 445
453 452
915 914
452 451
454 453
914 893
852 851
893 892
1083 1081
880 879
917 913
913 912
891 890
389 388
2205 2204
182 181
876 875
874 873
2102 2101
327 325
382 383
435 425
828 826
1069 1067
1075 1074
819 2195
1074 801
1050 872
827 755
858 857
801 1073
144 142
312 311
311 224
145 144
186 185
291 290
224 223
307 306
754 752
748 747
759 758
779 781
305 304
740 739
739 738
274 273
757 756
265 268
744 743
744 743
62 51
796 780
780 794
282 281
220 219
121 122
54 52
49 55
64 63
47 46
124 123
117 116
214 213
33 32
207 237
36 35
37 38
201 200
79 85
85 83
89 90
205 204
202 204
95 93
74 73
259 258
261 259
258 261
247 258
247 246
259 260
261 260
248 247
248 246
260 256
256 254
253 248
254 253
257 256
255 253
257 251
251 250
250 255
783 732
6 5
9 8
12 11
26 25
39 38
41 40
44 43
53 52
66 51
68 67
75 74
78 77
84 83
88 87
94 93
101 100
108 107
111 110
114 113
118 117
131 130
135 134
137 136
143 142
149 148
154 153
157 156
178 177
180 179
184 183
193 192
198 197
203 202
212 211
216 215
222 218
226 225
230 214
236 235
244 243
245 242
262 249
267 266
269 268
275 274
280 279
286 285
295 294
298 297
303 302
308 305
321 320
329 328
341 340
345 344
361 360
377 376
380 379
392 391
396 395
400 399
404 403
408 407
412 411
415 301
392 418
424 423
428 427
427 429
434 433
441 440
449 448
460 459
462 461
466 465
470 469
471 473
477 476
482 481
489 488
493 492
509 504
516 515
521 520
525 524
531 530
535 534
534 536
544 543
548 547
553 551
560 559
564 563
569 568
576 575
582 581
586 541
598 597
603 602
611 607
622 621
625 624
633 632
639 638
646 644
651 650
658 656
665 664
675 674
682 681
683 680
695 694
699 697
709 708
712 711
715 714
712 721
730 729
734 733
742 741
753 752
734 746
768 761
772 771
776 775
786 785
793 792
799 798
808 807
812 811
821 820
823 822
831 830
835 834
837 836
853 852
856 855
860 858
861 859
869 868
866 869
766 860
896 895
910 909
909 907
916 915
937 936
945 944
948 947
952 954
954 953
956 955
958 959
959 960
968 967
975 974
991 990
998 997
1004 1003
1011 1010
1020 1019
1022 1021
1033 1032
1037 1036
1040 1039
1042 1041
1052 1051
1054 1053
1059 1058
1061 1060
1063 1062
1066 1065
1068 1067
1071 1070
1077 1076
1079 1078
1085 1084
1087 1086
1088 1087
1099 1098
1104 1103
1036 1116
1125 1124
1127 1126
1129 1128
1133 1132
1141 1140
1146 1145
1157 1152
1165 1164
1167 1163
1182 1181
1187 1182
618 645
1196 983
1198 1197
1213 1211
1219 1218
1240 1239
1254 1253
1265 1264
1272 1271
1287 1029
1291 1290
1302 1301
1310 1295
1318 1317
1321 1320
1348 1347
1354 1353
1356 1355
1362 1361
1375 1374
1383 1382
1388 1387
1395 1394
1401 1400
1414 1413
1427 1426
1440 1434
1448 1447
1451 1446
1468 1466
1476 1473
1491 1490
1498 1460
1519 1518
1524 1523
1569 1567
1576 1514
1600 1599
1603 1602
1608 1606
1618 1613
1652 1651
1665 1664
1674 1673
1678 1677
1681 1680
1698 1697
1705 1704
1710 1709
1713 1712
1719 1718
1729 1728
1731 1729
1736 1428
1746 1738
1749 1748
1744 1749
1753 1725
1765 1764
1775 1774
1782 1745
1797 1796
1811 1810
1816 1815
1824 1173
1827 1826
1828 1822
1838 1831
1846 1845
1851 1850
1864 1860
1868 1867
1870 1869
1898 1896
1890 1903
1903 1892
1920 1806
1928 1917
1933 1932
1936 1911
1952 1951
1954 1948
1958 1949
1961 1960
1962 1961
1965 1964
1973 1972
1981 1795
1986 1985
2005 2010
2010 2011
2014 2017
2020 2019
2017 2023
2029 2028
2028 2030
2034 2033
2038 2037
2048 2047
2059 2060
2065 2064
2071 2065
2077 2076
2081 2080
2094 2093
2097 2096
2103 2102
2112 2111
2118 2117
2121 2116
2123 2122
2135 2134
2142 2138
2153 2152
2159 2158
2167 2165
2168 2166
2176 2175
2178 2177
2188 2187
2192 2191
2199 2198
2203 2202
2209 2208
2213 2212
2223 2222
2232 2229
2234 2230
2242 2241
2245 2244
2250 2249
2259 2258
2264 2263
2269 2268
2277 2276
2288 2282
2291 2290
2298 2284
2300 2299
2303 2302
2307 2306
2310 2309
2315 2314
2317 2316
2325 2324
2333 2332
2342 2341
2344 2342
2355 2354
2366 2365
2370 2369
2374 2373
2380 2379
2387 2386
2398 2397
2404 2402
2409 2408
2412 2411
2060 2418
1964 2359
2430 2429
2434 2433
2438 2437
2445 2444
2448 2447
2465 2464
2475 2474
2487 2483
2492 2400
2495 2496
2503 2502
2507 2506
2510 2509
2523 2519
2527 2526
2544 2543
2554 2553
2561 2559
2566 2565
2575 2574
2584 2583
2588 2587
2590 2589
2597 2596
2267 2598
2598 2595
2604 2603
2607 2606
2611 2610
2616 2615
2610 2626
2628 2625
2636 2634
2640 2638
2643 2642
2650 2649
2652 2651
2661 2660
2663 2662
2666 2665
2670 2668
2676 2675
2689 2688
2695 2694
2699 2698
2703 2702
2707 2706
2718 2717
2731 2730
2741 2738
2744 2743
2757 2756
2760 2759
2767 2766
2774 2773
2780 2779
2783 2782
2785 2784
2792 2791
2794 2793
2800 2797
2805 2804
2809 2808
2820 2819
2829 2828
2835 2834
2838 2837
2842 2841
2849 2848
2859 2858
2865 2864
2867 2823
2873 2872
2880 2879
2885 2884
2892 2891
2898 2897
2900 2899
2907 2906
2919 2918
2928 2926
2936 2935
2944 2943
2949 2948
2951 2950
2959 2958
2968 2967
2976 2975
2980 2979
2988 2987
2992 2991
3004 3002
3008 3007
3019 3018
3021 668
3026 3025
3030 3029
3035 2996
3040 3039
3042 3041
3034 3033
3048 3047
3053 3052
3062 3061
3064 3063
3075 3074
3081 3080
3086 3085
3090 3089
3095 3094
3103 3102
3114 3113
3117 3116
3119 3118
3129 3128
3131 3130
3142 3141
3152 3151
3156 3155
3161 3160
3165 3163
3167 3166
3170 3169
3172 3171
3174 2484
3178 3177
3183 3182
3195 3193
3201 3185
3202 3201
3216 3215
3221 3220
3231 3228
3239 3238
3237 3239
3244 3243
3247 3246
3249 3248
3260 3254
3272 3271
3279 2533
3284 3283
3292 3291
3297 3296
3301 3287
3304 3303
3309 3308
3314 3267
3321 3320
3338 3337
3338 3334
3341 3340
3347 3346
2983 2982
2963 2962
3133 3132
3148 3147
2504 2506
1249 1253
618 617
3230 3240
3215 3230
3212 3215
2973 2972
2971 2970
2971 2973
2984 2983
2680 2678
196 728
1 2
1 0
1 3
2981 2971
3014 3013
3326 3325
3319 3325
3319 3318
3319 3328
3319 3327
3324 3322
3323 3322
3349 3348
3323 3348
3351 3350
2960 3350
2960 2954
2960 2956
2914 2964
2914 2946
2914 2950
2913 2950
2913 2915
2913 2912
2914 2915
2914 2912
2684 2682
2684 2683
2680 2684
195 790
195 784
195 196
195 726
195 194
150 151
145 151
151 152
152 155
155 171
10 8
158 159
19 156
156 164
8 158
19 159
160 159
159 161
167 166
10 171
158 171
171 172
172 168
172 173
162 175
176 175
175 177
155 181
182 183
186 223
174 187
169 170
179 187
170 189
189 190
187 190
170 163
189 191
194 726
104 103
109 107
109 199
105 197
197 104
199 201
199 197
197 204
201 205
194 104
200 229
205 206
106 208
200 208
208 209
112 210
210 209
211 228
208 213
213 228
209 215
210 219
136 217
217 219
215 221
214 221
223 225
218 217
211 227
227 228
229 237
227 229
214 231
232 231
231 233
221 234
220 234
233 234
232 235
233 238
232 237
207 240
207 206
235 239
239 238
239 240
220 241
238 243
241 243
242 241
241 270
252 726
252 250
249 246
255 251
254 257
252 263
240 264
264 272
206 266
265 270
270 271
265 264
272 273
272 284
271 273
271 276
279 288
263 281
278 277
278 281
272 277
276 283
284 299
284 289
285 289
287 289
277 287
276 290
291 416
294 299
288 287
278 288
282 296
296 297
299 306
301 300
300 302
299 304
307 310
302 309
310 309
183 312
225 315
312 314
314 316
314 313
313 317
313 322
316 318
322 319
319 318
318 323
317 328
322 331
326 394
330 328
332 333
333 398
190 335
191 335
317 337
335 337
337 342
337 338
354 2985
340 342
342 343
328 343
343 339
339 338
339 346
349 352
347 334
334 352
334 333
338 353
354 353
353 355
344 356
355 356
356 357
355 358
357 359
358 362
362 354
357 364
364 363
363 362
350 348
364 350
368 366
368 369
368 371
316 325
324 384
376 378
327 378
378 388
379 381
381 383
384 385
386 390
381 388
389 390
390 418
394 397
387 385
398 397
403 405
402 405
386 393
409 410
393 410
410 455
393 391
413 414
402 414
301 430
416 425
416 430
389 417
417 422
418 419
419 422
420 419
420 428
417 443
426 442
422 429
429 446
430 431
300 432
432 436
309 432
431 436
431 433
425 423
433 439
435 439
436 437
437 822
437 439
1178 1180
1178 1179
1180 1181
1183 1185
1183 1187
1187 1189
1181 1188
1188 1190
1186 1185
623 1190
1190 1192
1189 1191
1191 1192
1192 1195
1186 1193
977 983
983 1197
1197 1201
1212 1215
1201 1202
1201 1210
1203 1211
1208 1206
1206 1214
1214 1303
643 1216
647 1216
1216 1217
1194 1205
647 1227
654 1228
1223 1261
1226 1224
1227 1228
1228 1441
1231 1235
1235 1441
1209 1238
1236 1238
1243 1248
1256 1255
1255 1254
1255 1259
1232 1274
1234 1273
1274 1273
1275 1273
1273 1283
1274 1284
1282 1283
1284 1370
1284 1283
1283 1372
1289 1290
1200 1199
1288 1292
1290 1298
1292 1294
1292 1293
1289 1297
1290 1296
1293 1309
1294 1309
1297 1296
1296 1298
1029 1299
1297 1315
1299 1300
1215 1214
1215 1200
1200 1305
1215 1301
1299 1305
1305 1320
1200 1306
1306 1307
1307 1308
1044 1309
1295 1311
1309 1312
1311 1312
1313 1312
1296 1314
1315 1314
1311 1314
1312 1316
1047 1667
1313 1316
1316 1668
1312 1319
1320 1323
1306 1322
1320 1322
1322 1324
1328 1345
1331 1330
1331 1394
1334 1337
1319 1338
1344 1345
1345 1346
1346 1406
1345 1347
1248 1349
1254 1349
1255 1350
1259 1353
1351 1349
1351 1352
1355 1351
1352 1358
1250 1357
1355 1357
1358 1393
1352 1350
1353 1359
1359 1364
1360 1361
1364 1363
1363 1361
1368 1377
1376 1374
1372 1376
1359 1377
1366 1379
1379 1384
1384 1418
1357 1391
1331 1390
1393 1392
1391 1394
1346 1394
1393 1397
1361 1397
1397 1398
1398 1399
1397 1413
1399 1413
1398 1400
1400 1417
1405 1409
1407 1412
1412 1411
1412 1715
1407 1413
1412 1415
1399 1416
1417 1416
1415 1718
1400 1381
1418 1419
1381 1425
1382 1420
1419 1421
1425 1424
1718 1734
1423 1426
1601 1596
694 1432
1430 1431
1432 1431
1228 1431
1433 1431
704 1435
1432 704
1433 1435
1436 1438
1431 1439
1439 1434
1439 1442
1441 1442
1442 1462
1437 1436
1437 1434
1438 1446
1438 1443
1437 1443
1443 1444
1442 1444
1444 1463
1444 1445
1446 1445
1445 1454
706 703
706 1449
1450 1449
1453 1455
1450 1455
1453 1454
1454 1456
1455 1456
1457 1456
1458 1450
1459 1458
1455 1457
1457 1488
1441 1276
1463 1462
1462 1464
1276 1275
1276 1472
1462 1276
1463 1467
1463 1470
1445 1467
1467 1471
1467 1482
1466 1464
1472 1474
1472 1281
1464 1472
1475 1465
1454 1481
1478 1483
1486 1489
1485 1487
1487 1490
1484 1488
1488 1489
1479 1492
1490 1492
1487 1494
1492 1497
1489 1495
1504 1575
1460 1458
719 1499
1500 1509
1502 1504
1506 1508
1505 1513
1502 1510
1503 1507
1507 1515
1509 1510
1509 1512
1513 1508
1514 1513
1517 1627
1508 1581
1511 1515
1517 1516
1516 1520
1518 1521
1521 1629
1521 1625
1522 1520
1512 1525
1526 1528
1528 1531
1530 1529
1529 1531
1511 1522
1522 1637
1512 1537
1537 1536
1534 1536
1376 1540
1477 1546
1540 1386
1560 1597
1559 1563
1563 1570
1565 1564
1480 1493
1493 1492
1496 1572
1575 1514
1514 1579
1575 1573
1575 1578
1574 1568
1571 1565
1578 1590
1590 1592
1564 1597
1596 1599
1597 1604
1589 1588
1588 1610
1613 1617
1617 1589
1605 1623
1581 1591
1628 1630
1634 1647
1591 1633
1633 1634
1633 1649
1593 1634
1631 1635
1633 1635
1635 1651
1632 1638
1637 1639
1537 1646
1640 1646
1642 1641
1638 1644
1645 1644
1639 1645
1645 1662
1645 1646
1592 1606
1647 1648
1649 1648
1650 1649
1650 1653
1651 1650
1651 1655
1655 1653
1624 1656
1658 1657
1657 1972
1660 2016
1660 2012
1654 2016
1644 1661
1661 1662
1640 1663
1646 1663
1664 1667
1049 1048
1667 1666
1666 1664
1664 1668
1317 1668
1668 1342
1342 1672
1666 1669
1669 1670
1669 1679
1670 1683
1672 1671
1671 1670
1342 1338
1343 1676
1676 1677
1676 1696
1138 1679
1680 1679
1683 1682
1682 1684
1138 1684
1685 1687
1684 1687
1671 1685
1683 1685
1687 1686
1687 1688
1688 1694
1688 1689
1688 1692
1689 1815
1693 1695
1695 1696
1696 1702
1699 1697
1702 1707
1697 1759
1704 1706
1707 1708
1410 1675
1712 1714
1675 1723
1712 1723
1715 1714
1716 1714
1714 1726
1718 1715
1717 1716
1718 1717
1723 1724
1726 1733
1722 1730
1721 1741
1428 1735
1741 1783
1738 1747
1742 1752
1747 1967
1747 1752
1752 1750
1725 1755
1755 1757
1733 1757
1757 1772
1758 1774
1759 1761
1709 1759
1755 1760
1761 1762
1760 1764
1768 1767
1774 1781
1773 1777
1780 1900
1751 1785
1785 1784
1792 1800
1747 1793
1781 1802
1799 1803
1805 1921
1794 1990
1815 1817
1817 1169
1817 1823
1817 1818
1690 1818
1818 1821
1168 1823
1823 1173
1825 1175
1821 1826
1819 1818
1826 1842
1830 1833
1708 1830
1832 1711
1832 1830
1832 1839
1829 1833
1822 1833
1833 1837
1837 1835
1831 1841
1836 1834
1839 1841
1836 1869
1840 1869
1173 1175
1175 1172
1825 1845
1819 1844
1842 1844
1844 1863
1819 1850
1845 1848
1845 1847
1847 2129
1847 1855
1855 1849
1854 1852
1856 2314
1853 1857
1857 1859
1858 1857
1859 1874
1837 1843
1863 1854
1863 1865
1867 1866
1867 1871
1869 1882
1869 1872
1871 1877
1865 1874
1860 1859
1873 1875
1875 2320
1875 1874
1882 1880
1878 1884
1885 1950
1766 1711
1888 1766
1769 1889
1890 1901
1777 1891
1904 1908
1918 1945
1930 1929
1922 1925
1919 1916
1926 1931
1924 1917
1917 1929
1931 1929
1932 1931
1934 1932
1934 1935
1935 2051
1935 1960
1908 1882
1882 1938
1937 1940
1941 1943
1944 1943
1940 1945
1942 1941
1943 1953
1942 1947
1930 1949
1949 1947
1950 1944
1944 1951
1951 1957
1948 1953
1953 1956
1953 1951
1947 1955
1955 1956
1956 1957
1957 2349
1956 2350
1929 1959
1959 1949
1960 1959
1959 1962
1962 2051
1955 1949
1598 1966
1966 1968
1966 1967
1604 1966
1968 1979
1621 1602
1602 1969
1616 1974
1659 1657
1972 1659
1974 1659
1974 1970
1972 2013
2013 2015
1970 1976
1976 1975
1977 2015
1980 1979
1968 1982
1980 1985
1982 1754
1754 1985
1985 1994
1987 1998
1988 1995
1979 1989
1991 1989
1989 2027
1995 2004
2000 1999
1999 2004
1999 2006
2002 2001
2001 2003
2004 2007
2002 2006
1994 2008
2007 2008
2007 2036
2003 2011
2011 2036
2003 2039
2013 2012
2012 2018
2016 2021
2018 2019
2021 2022
1663 2022
1978 2023
2023 2024
2018 2024
2024 2025
2022 2025
1934 2027
2027 2031
2009 2032
2031 2049
2031 2052
2031 2032
2032 2035
2033 2052
2009 2008
2008 2037
2037 2040
2036 2039
2039 2040
2039 2041
2035 2061
2040 2061
2040 2043
2042 2041
2045 2067
2044 2046
2046 2066
2047 2049
2047 2050
2051 2054
2052 2053
2053 2059
1965 2055
2055 2057
2055 2056
2056 2411
2057 2411
2059 2058
2053 2072
2061 2062
2062 2066
2046 2068
2066 2068
2067 2069
2063 2072
2072 2425
2072 2418
2070 2071
2070 2073
2071 2424
2073 2074
2071 2074
2074 2451
2073 2086
2041 2075
2067 2075
2075 2076
2076 2082
2026 2025
2067 2078
2079 2083
2079 2085
2083 2084
2085 2084
2084 2088
2080 2086
2085 2087
2086 2450
2086 2087
2087 2452
2089 2093
2089 2457
2082 2090
2090 2091
2090 2026
2088 2091
2026 2092
2091 2095
2093 2095
802 2098
2098 2099
1072 2099
2099 2100
2099 1083
1083 1148
1148 1147
1148 2105
809 2101
2100 2101
2100 2104
2105 2104
2108 2107
2108 2158
2104 2107
2109 2107
2107 2110
2115 2106
2115 2119
2115 2114
2113 2119
2106 2105
2108 2117
2117 2119
2120 2162
2122 2125
2125 2127
2116 2128
2128 2127
2125 2131
2127 2134
2126 2124
2126 2130
2129 2126
2130 2131
2131 2134
2130 2139
2132 2136
2134 2136
2133 2132
2131 2141
2134 2140
2139 2141
2140 2141
2141 2149
2133 2138
2133 2143
2145 2144
2138 2136
2137 2146
2138 2148
2146 2147
2146 2155
2147 2154
2140 2137
2149 2152
2145 2148
2148 2154
2155 2154
2156 2155
2154 2166
2145 2166
2155 2169
2152 2156
2156 2157
2161 2177
2110 2158
2161 2160
2143 2162
2161 2162
2144 2163
2162 2181
2165 2180
2165 2163
2166 2169
2157 2170
2166 2164
2164 2171
2170 2171
2172 2171
2171 2173
2173 2183
2173 2175
2174 2189
2179 2177
2182 2186
2185 2184
2186 2184
2184 2246
2187 2186
2173 2189
2189 2190
2190 2191
2189 2193
2187 2193
2193 2255
2193 2191
809 817
2104 817
817 816
817 2194
2194 2206
2110 2197
2109 2196
2196 2200
2194 2109
2201 2206
2201 2200
819 818
2195 2194
2206 2207
2207 2211
2211 2210
2204 2210
2210 2212
2110 2214
2197 2214
2160 2214
2160 2215
2215 2216
2216 2217
2218 2224
2216 2220
2218 2220
2221 2222
2222 2224
2226 2225
2226 2227
2225 2231
2227 2225
2219 2233
2219 2217
2226 2219
2218 2233
2227 2233
2224 2230
2224 2235
2236 2235
2235 2240
2230 2228
2230 2237
2235 2237
2240 2238
2237 2239
2238 2241
2239 2243
2215 2244
2246 2247
2246 2248
2185 2247
2247 2236
2247 2249
2249 2248
2248 2253
2221 2236
2236 2251
2249 2252
2252 2260
2249 2254
2254 2260
2255 2253
2257 2256
2251 2258
2258 2240
2260 2261
2240 2262
2262 2294
2261 2263
2256 2265
2265 2266
2231 2228
2270 2268
2272 2270
2229 2273
2237 2273
2231 2274
2274 2273
2273 2275
2239 2275
2243 2285
2271 2274
2274 2278
2278 2280
2276 2281
2271 2279
2283 2285
2211 2272
2287 2272
2272 2289
2279 2278
2279 2282
2289 2282
2292 2290
2243 2294
2286 2285
2294 2286
2286 2295
2286 2284
2265 2296
2295 2296
2296 2297
2297 2306
2284 2283
2292 2284
2295 2301
2301 2304
2302 2304
2299 2301
2306 2311
2305 2304
2305 2308
2297 2308
2308 2311
2309 2724
2312 1855
2312 2313
1847 2312
2129 2313
2312 2318
1855 2316
2314 1858
2139 2151
1858 2316
2151 2149
2318 2319
1861 1859
2318 1861
1861 2324
1874 2322
2320 2322
2321 2326
2322 2326
1886 2328
2321 2323
2323 2329
2324 2326
2326 2327
2327 2330
2329 2328
2319 2150
2157 2150
2150 2332
2335 2334
2334 2337
2336 2337
2340 2339
2328 2343
2343 2345
2339 2336
2336 2334
2338 2337
2344 2346
2345 2347
2346 2347
1950 2348
1957 2348
2348 2351
2350 2353
2350 2349
2349 2351
2350 2354
2328 2352
2351 2352
1955 2353
2353 1963
1963 1962
1962 2359
1963 2356
2356 2357
2356 2360
2352 2361
2345 2388
2358 2360
2361 2362
2360 2363
2363 2362
2332 2335
2174 2335
2365 2367
2190 2365
2337 2367
2368 2369
2338 2372
2372 2371
2372 2373
2347 2375
2375 2373
2371 2369
2375 2384
2190 2376
2376 2377
2191 2378
2377 2378
2368 2376
2377 2379
2379 2540
2371 2382
2376 2381
2382 2381
2382 2383
2383 2384
2383 2542
2381 2541
2403 2543
2386 2388
2388 2385
2363 2394
2395 2396
2395 2397
2396 2400
2396 2399
2397 2399
2399 2406
2385 2384
2384 2401
2401 2403
2402 2401
2397 2405
2406 2410
2408 2410
2058 2413
2411 2413
2056 2421
2411 2417
2413 2414
2058 2419
2418 2419
2419 2426
2417 2416
2417 2433
2423 2435
2420 2431
2425 2427
2415 2426
2427 2426
2426 2429
2427 2428
2428 2429
2431 2429
2424 2432
2364 2435
2431 2435
2431 2436
2364 2436
2364 2363
2439 2437
2428 2440
2440 2441
2436 2442
2442 2446
2432 2441
2437 2446
2446 2447
2449 2447
2451 2455
2450 2452
2453 2455
2452 2456
2453 2459
2087 2458
2457 2458
2456 2458
2457 2462
2454 2459
2459 2460
2460 2471
2456 2464
2458 2461
2461 2463
2464 2466
2460 2466
2466 2467
2461 2467
2095 2462
2462 2461
2026 2463
2463 2485
2469 2482
2432 2471
2471 2472
2478 2449
2467 2472
2472 2443
2463 2443
2443 2442
2443 2473
2474 2476
2469 2485
2483 2482
2485 2486
2483 2486
2486 2489
2474 2481
2485 2488
2481 2512
2488 2489
2394 2439
2491 2400
2400 2399
2400 2493
2491 2493
2493 2498
2493 2497
2446 2494
2494 2495
2495 2501
2477 2494
2497 2407
2407 2406
2497 2499
2498 2497
2407 2500
2499 2500
2500 2502
2498 2501
2501 2504
2410 2502
2499 2504
2477 2525
2501 2508
2479 2516
2488 2512
2514 2513
2511 2509
2525 2526
2508 2525
2511 2529
2529 2530
2529 2642
2530 2644
2530 2531
2378 2534
2255 2534
2534 2535
2534 2257
2535 2537
2535 2536
2257 2537
2536 2538
2538 2539
2537 2539
2536 2540
2542 2541
2542 2546
2543 2545
2549 2548
2545 2546
2546 2547
2538 2547
2548 2550
2547 2548
2551 2550
2551 2558
2552 2551
2552 2560
2560 2558
2539 2553
2553 2555
2256 2555
2266 2594
2267 2266
2555 2556
2559 2563
2550 2562
2556 2562
2563 2562
2564 2563
2557 2556
2267 2557
2557 2601
2562 2568
2568 2567
2569 2567
2403 2571
2545 2571
2571 2572
2552 2572
2572 2573
2402 2574
2573 2580
2574 2573
2574 2581
2577 2576
2408 2579
2578 2579
2560 2564
2580 2564
2581 2580
2581 2583
2580 2586
2577 2581
2586 2570
2586 2585
2579 2587
2587 2591
2591 2618
2592 2589
2595 2594
2594 2596
2296 2599
2596 2600
2599 2600
2565 2601
2595 2601
2569 2602
2602 2603
2601 2603
2599 2605
2605 2606
2311 2605
2608 2606
2600 2609
2609 2608
2608 2626
2608 2611
2586 2614
2585 2612
2614 2615
2614 2623
2612 2617
2613 2630
2619 2630
2602 2623
2609 2622
2622 2627
2622 2624
2626 2627
2627 2802
2629 2625
2624 2630
2630 2629
2505 2579
2410 2505
2505 2504
2505 2631
2631 2632
2633 2632
2508 2635
2635 2528
2635 2633
2528 2639
2528 2526
2634 2639
2632 2637
2593 2592
2639 2638
2638 2637
2644 2645
2647 2645
2642 2647
2647 2648
2653 2651
2651 2654
2647 2654
2653 2655
2654 2655
2648 3290
2592 2621
2621 2620
2621 2656
2656 2641
2641 2657
2653 2657
2657 2658
2658 2659
2656 2660
2621 2660
2659 2662
2655 2664
2665 2664
2664 2667
2659 2669
2667 2669
790 789
789 2674
2674 2675
2674 2680
797 2678
815 2677
818 2677
2678 2677
2697 2696
2682 2681
2681 2683
2212 2686
2287 2685
2687 2691
2691 2690
2694 2696
2690 2698
2698 2701
2693 2700
2700 2701
2700 2702
2287 2688
2289 2293
2293 2290
2292 2705
2293 2705
2705 2712
2293 2706
2706 2710
2712 2710
2711 2739
2719 2717
2299 2720
2712 2720
2720 2727
2720 2721
2722 2726
2305 2721
2722 2723
2724 2725
2726 2727
2727 2719
2719 2728
2726 2728
2729 2732
2726 2730
2723 2733
2730 2732
2730 2733
2732 2734
2709 2704
2704 2735
2736 2737
2738 2737
2743 2750
2704 2702
2746 2745
2737 2745
2729 2747
2740 2749
2749 2750
2749 2751
2748 2751
2750 2746
2746 2752
2751 2752
2696 2753
2690 2753
2754 2753
2754 2756
2681 2753
2755 2754
2701 2755
2682 2758
2758 2764
2759 2761
2762 2761
2765 2769
2766 2769
2745 2768
2768 2772
2769 2770
2763 2771
2771 2782
2771 2770
2770 2772
2752 2776
2776 2778
2776 2775
2768 2778
2775 2779
2781 2777
2777 2775
2784 2786
2786 2896
2778 2789
2789 2787
2787 2786
2789 2788
2788 2791
2605 2725
2793 2803
2725 2796
2793 2796
2796 2798
2799 2798
2799 2795
2795 2814
2611 2802
2802 2803
2803 2814
2806 2804
2806 2812
2629 2807
2806 2807
2807 2811
2810 2811
2812 2815
2815 2817
2812 2811
2811 2816
2816 2830
2801 2818
2817 2801
2819 2821
2823 2822
2827 2826
2826 2831
2830 2827
2816 2844
2819 2831
2831 2875
2830 2876
2850 2876
2813 2810
2834 2836
2833 2832
2836 2833
2833 2837
2669 2672
2672 2840
2836 2840
2672 2671
2671 2841
2841 3329
2840 2843
2845 2844
2837 2846
2844 2848
2847 2848
2848 2850
2850 2883
2843 2858
2843 2855
2856 2862
2863 2862
2864 2886
2862 2866
2866 2886
2823 2868
2823 2869
2777 2868
2868 2869
2825 2790
2869 2790
2790 2870
2790 2788
2872 2874
2870 2874
2871 2870
2878 2882
2870 2881
2879 2881
2881 2882
2857 2884
2887 2890
2866 2888
2887 2886
2893 2891
2888 2894
2893 2933
2887 2893
2895 2933
2682 2761
2896 2897
2787 2902
2899 2901
2901 2902
2896 2903
2903 2904
2905 2906
2905 2904
2902 2908
2905 2908
2908 2909
2909 2910
2910 2929
2910 2911
2903 2917
2904 2920
2909 2920
2920 2921
2911 2918
2921 2922
2911 2922
2922 2923
2917 2916
2917 2950
2921 2950
2874 2924
2901 2924
2924 2927
2927 2925
2925 2929
2929 2930
2882 2931
2895 3350
2932 2934
2935 2937
2937 2938
2934 2939
2938 2942
2933 2934
2930 2943
2923 2930
2927 2945
2923 2946
2947 2945
2947 2948
2937 2947
2940 2955
2946 2952
2953 2952
2952 2957
2957 2962
2962 2961
2965 2964
22 2966
2966 2970
165 2969
2970 2972
2969 2972
170 2974
2969 2974
354 2974
2975 2974
2972 2977
2973 2977
2977 2978
2975 2978
2978 2979
2985 2986
2986 2987
365 363
2986 365
365 2989
2985 2994
2978 2997
2979 2998
2998 2999
2998 2997
2997 3000
3000 2993
2993 2991
3000 3001
3002 3001
2993 2995
2995 2994
2995 3005
3005 3006
3006 3007
3003 3010
3003 3001
3005 3003
2999 3011
3011 3012
3012 3013
3013 3015
3009 3003
3009 3015
2990 3017
372 3017
3018 3020
3017 3020
3022 668
3022 3023
3024 3023
3020 3027
3029 3027
3028 3032
3027 3024
3028 3024
3028 3033
2996 2994
2996 3038
3031 3036
3037 3036
3038 3039
666 3023
666 3041
3043 3041
677 3046
3046 3047
3047 3043
717 3049
3047 3050
3046 3050
3045 3044
3044 3051
3051 3063
3045 3052
3045 3054
3054 3091
3055 3091
3052 3055
3051 3056
3037 3057
3044 3058
3037 3059
3059 3061
3060 3059
3006 3010
3010 3068
3016 3015
3067 3016
2982 3070
2999 3070
3070 3071
3071 3072
3011 3070
3072 3073
3074 3073
3074 3073
3071 2984
3013 3072
3049 1530
1530 3076
3049 3083
3050 3077
3043 3078
3078 3077
3078 3079
3079 3087
3076 3080
1532 3080
3077 3083
3076 3082
3082 3084
3084 3085
3085 3098
3087 3089
3054 3079
3091 3092
3055 3056
3056 3096
3079 3092
3092 3094
3097 3096
1643 1642
3098 1643
1643 3099
3098 3088
3099 3100
3088 3101
3100 3101
1642 3102
3099 3102
3088 3087
3101 3093
3104 3093
3093 3112
3093 3092
3065 3097
3066 3060
3067 3060
3097 3107
3107 3130
3105 3067
3067 3110
1663 3111
3102 3111
3104 3111
3111 3113
3104 3112
3112 3108
3108 3107
3108 3109
3116 3115
3109 3107
2092 3120
3120 3122
3121 3123
2468 3123
3122 3124
2092 3127
3127 3146
3115 3132
3132 3134
3135 3138
3137 3138
3110 3143
3141 3139
3139 3138
3143 3144
3139 3140
3140 3138
3144 3140
3118 3146
3146 3154
3127 3150
3147 3154
3149 3147
3151 3210
3151 3150
3150 3153
3153 3212
3154 3158
3153 3157
3069 3016
3069 3160
3069 3110
3143 3162
3164 3162
3145 3144
3166 3145
3144 3168
3168 3169
3168 3317
3171 3317
3123 2470
2470 3124
2470 3173
2470 2468
3173 3176
3124 3175
3125 3175
3175 3176
3177 3179
2484 2482
3176 3186
3179 3186
3177 3126
3126 3180
3199 3185
3125 3182
3180 3184
3182 3184
3186 3187
3187 3189
2482 2490
3188 2490
3187 3190
3179 3181
3190 3198
3189 3191
3190 3191
3191 3194
3194 3196
3194 3203
2490 2489
2520 3217
3189 3217
3196 3203
3192 3218
3181 3199
3198 3181
3199 3202
3198 3200
3194 3198
3200 3205
3185 3207
3200 3204
3202 3206
3205 3206
3125 3208
3182 3208
3209 3208
3128 3209
3184 3213
3182 3211
3211 3214
3209 3211
3210 3209
3210 3212
3213 3207
3207 3206
3214 3215
3214 3213
3254 3252
3217 3218
2524 3219
3217 3219
3218 3220
3218 3197
3197 3196
3197 3225
3197 3223
3224 3223
3219 3220
3222 3223
3222 3233
3204 3225
3226 3227
3205 3229
3205 3230
3229 3230
3219 3232
3233 3238
3232 3238
2531 3234
3232 3234
3234 3236
3235 3234
3235 3237
3238 3241
3238 3235
3237 3281
3235 3242
3233 3240
3240 3241
3241 3242
3242 3282
3240 3251
3230 3245
3215 3243
3245 3246
3245 3253
3251 3255
3253 3250
3255 3250
3157 3256
3254 3269
3257 3263
3312 3311
3264 3275
3271 3305
3252 3273
3268 3266
3277 3268
3236 3280
3281 3280
3280 2646
3282 3283
3280 3285
3285 3283
2645 3289
3290 2673
3291 3293
2673 3293
3285 3294
3286 3294
3294 3293
3251 3295
3295 3288
3288 3286
3255 3288
3255 3274
3276 3300
2673 3302
2673 2671
3302 3303
3302 3298
3300 3305
3305 3307
3300 3306
3306 3308
3277 3307
3277 3320
3307 3310
3306 3310
3310 3331
3310 3346
3267 3265
3159 3313
3313 3311
3313 3315
3316 3278
3278 3268
3317 3318
3278 3322
3145 3325
3303 3330
3299 3331
2861 3335
3332 3331
3331 3333
3333 3339
3335 2863
2863 3336
3336 3339
3333 3342
2888 3345
2894 3345
3345 3343
3344 3348
1754 1603
2391 1543
1474 2391
1475 1477
1470 1469
1469 1475
2414 2416
1541 1542
1559 1560
1542 1544
1560 1562
1559 1561
2357 2358
1544 1538
1429 1595
1554 1555
1594 1429
1558 1594
1555 1558
1547 1548
1386 1547
1552 1386
1473 1373
1285 1473
1282 1285
1280 1282
1794 1800
1387 1389
1232 1234
1224 1225
1230 1232
1225 1230
1421 1420
1286 1366
1370 1286
1743 1744
1739 1740
1218 1220
1233 1270
1791 1788
1269 1233
1789 1801
1787 1789
1734 1735
1806 1921
1805 1806
1789 1802
1741 1745
1745 1756
1897 1899
1258 1260
1257 1258
1778 1897
1720 1722
1777 1778
1770 1772
1778 1896
1776 1777
1906 1907
1894 1906
1768 1769
1893 1894
1895 1906
1728 1726
1892 1895
1909 1911
1409 1410
1242 1243
1910 1911
1247 1245
1840 1908
1390 1391
1839 1840
2341 2343
451 426
512 511
349 351
605 604
623 609
748 307
759 748
781 759
804 781
816 804
832 826
839 452
878 832
879 878
864 865
882 879
884 882
888 885
1009 1002
1111 1009
1164 1162
1174 1172
1176 1170
2340 2341
1333 1327
1848 1849
621 513
1686 1164
979 978
2181 2179
1111 1113
1093 1117
3258 3259
3261 3258
3188 3189
2532 2533
2521 2519
1534 1535
2514 2515
2516 2511
2953 2954
2941 2942
370 372
2851 2852
2853 2851
1459 1461
2042 2043
2043 2044
1614 1622
1611 1612
1610 1611
1607 1610
1619 1620
1617 1619
1611 1613
1486 1485
1582 1583
1584 1585
1584 1586
1582 1584
1483 1485
1571 1584
1482 1483
2845 2847
2713 2715
839 841
882 883
444 445
863 864
292 293
374 292
140 141
138 140
22 2
165 22
138 129
164 161
166 168
174 169
182 174
181 138
185 139
311 185
307 291
331 323
324 326
330 331
346 330
348 346
367 348
369 367
2989 371
374 311
323 325
325 374
375 327
291 293
383 375
426 383
1178 623
1189 1188
1186 1189
1197 1186
1204 1195
1261 1217
1230 1222
1231 1224
1234 1231
1278 1238
1246 1242
1244 1246
1249 1251
1257 1252
1248 1249
1256 1257
1237 1262
1263 1262
1236 1237
1266 1263
1268 1237
1233 1222
1230 1233
1267 1277
1279 1267
1284 1270
1365 1279
1323 1300
1303 1241
1308 1250
1324 1323
1330 1308
1326 1324
1328 1330
1341 1340
1360 1358
1364 1360
1367 1365
1286 1365
1368 1367
1378 1368
1367 1286
1372 1371
1372 1373
1366 1369
1379 1378
1382 1377
1418 1382
1384 1385
1385 1386
1391 1392
1396 1393
1402 1396
1407 1396
1411 1409
1410 1411
1422 1419
1423 1421
1428 1425
1478 1471
1373 1474
1479 1478
1484 1481
1486 1484
1499 1459
1500 1461
1501 1499
1529 1501
1526 1523
1532 1529
1536 1535
1538 1540
1541 1543
1546 1541
1540 1379
1550 1551
1552 1544
1542 1545
1553 1545
1549 1387
1561 1553
1554 1556
1572 1546
1568 1572
1580 1573
1566 1568
1585 1586
1583 1580
1586 1587
1578 1580
1558 1389
1594 1423
1426 1429
1624 1623
1616 1622
1590 1591
1626 1628
1628 1581
1630 1631
1631 1632
1636 1629
1632 1636
1641 1533
1658 1660
1660 1648
1347 1341
1700 1701
1169 1686
1690 1691
1703 1693
1702 1699
1704 1703
1829 1694
1709 1708
1675 1701
1727 1716
1726 1724
1732 1727
1732 1730
1756 1732
1737 1601
1967 1737
1742 1739
1740 1741
1743 1742
1748 1742
1772 1768
1776 1771
1769 1776
1786 1756
1801 1788
1792 1750
1796 1792
1793 1795
1798 1796
1798 1790
1807 1799
1804 1801
1900 1804
1812 1807
1810 1812
1814 1813
1927 1814
1822 1692
1820 1822
1835 1833
1852 1850
1856 1853
1866 1862
1872 1834
1876 1866
1883 1876
1879 1872
1899 1900
1915 1899
1904 1892
1905 1895
1907 1914
1808 1809
1923 1810
1924 1925
1925 1923
2027 1814
1939 1937
1795 1979
1998 1984
1987 1984
1992 1985
1983 1754
1987 1754
1993 1991
2030 1993
1996 1975
1997 1996
2009 2030
2045 2042
1965 2054
2172 2180
2182 2183
2195 816
2204 2195
2341 2331
2343 2331
2389 2362
2393 2390
2394 2385
2578 2393
2405 2406
2422 2421
2423 2420
2476 2473
2480 2476
2479 2480
2517 2513
2518 2515
2520 2514
2522 2520
2524 2522
2618 2578
2620 2618
2832 2620
2687 2204
2686 2687
2692 2685
2692 2687
2708 2692
2713 2708
2736 2716
2739 2714
2765 2736
2747 2739
2818 2747
2764 2762
2821 2818
2824 2821
2839 2832
2853 2846
2854 2856
2875 2824
2877 2875
2883 2877
2878 2857
2890 2854
2915 2763
2932 2890
2939 2932
2955 2940
3031 2989
3057 3031
3066 3057
3105 3066
3135 3105
3137 3135
3159 3137
3236 2532
3236 3237
3257 3159
3262 3257
3270 3259
3263 3262
3265 3263
3315 3265
3275 3270
3273 3274
3291 3285
3291 3289
3274 3298
3327 3315
3298 2860
2861 3299
2856 2861
1543 1542
2391 3352
3352 1376
1988 1987
2420 2415
2415 2414
1545 1566
1562 1561
1595 1557
1553 1551
1551 1552
2421 2359
1557 1555
1550 1553
1547 1550
1549 1547
1285 1281
1281 1280
1792 1793
1385 1549
1750 1748
1369 1371
1371 1370
1286 1284
1222 1220
1222 1221
1221 1218
1788 1787
2390 2389
1267 1266
1806 1900
1279 1277
1277 1268
1277 1278
1278 1268
1774 1786
1262 1261
1730 1721
1771 1770
1731 1732
1914 1894
1733 1731
1895 1893
1912 1907
1912 1909
1913 1912
1892 1891
1891 1889
1937 1913
1913 1911
1909 1905
1910 1905
1905 1904
1405 1403
1881 1880
1711 1709
1880 1879
2331 2330
382 444
444 453
506 619
513 512
610 619
619 620
620 621
306 747
747 758
758 779
779 806
806 814
828 863
453 838
865 880
880 883
883 886
886 888
980 979
982 1028
1028 1030
1113 1093
1171 1174
1329 1328
1340 1344
1340 1339
1334 1333
1337 1336
1843 1842
1343 1341
1853 1852
1172 1171
1029 1199
2183 2172
1112 1111
1117 1112
3259 3262
3262 3261
1535 1533
1533 1532
2511 2517
1527 1526
2956 2955
2940 2939
1506 1503
1505 1506
371 369
2852 2854
2854 2853
2044 2045
1978 1997
1614 1609
1615 1609
1612 1615
1620 1616
1609 1607
1495 1494
1587 1583
1621 1620
1617 1612
2846 2839
2716 2714
840 839
885 884
375 374
293 375
139 138
141 139
0 21
21 164
128 140
141 186
162 165
161 166
163 162
169 163
168 173
173 181
139 182
186 224
290 306
224 315
326 332
332 347
347 349
351 370
372 2990
315 292
327 324
292 290
293 382
1179 1180
1191 1193
1193 1201
1205 1204
1218 1223
1223 1221
1221 1264
1226 1235
1220 1225
1235 1271
1217 1236
1238 1242
1238 1251
1245 1304
1251 1256
1251 1252
1252 1260
1237 1263
1268 1266
1266 1269
1264 1269
1271 1275
1275 1280
1252 1278
1270 1267
1233 1274
1030 1029
1300 1315
1303 1304
1304 1307
1315 1332
1307 1325
1325 1326
1332 1333
1332 1334
1336 1335
1327 1326
1327 1335
1325 1329
1335 1329
1250 1248
1308 1390
1363 1380
1260 1377
1366 1378
1377 1384
1380 1382
1392 1402
1402 1404
1403 1404
1404 1406
1406 1405
1418 1389
1420 1425
1389 1422
1422 1423
1424 1734
1428 1426
1461 1457
1471 1470
1474 1465
1477 1480
1481 1482
1494 1497
1497 1496
1457 1500
1501 1528
1503 1502
1504 1505
1523 1525
1525 1527
1527 1531
1531 1534
1539 1538
1465 1546
1546 1566
1548 1554
1548 1556
1556 1598
1577 1579
1579 1578
1568 1571
1574 1582
1587 1590
1622 1624
1581 1577
1591 1630
1629 1626
1593 1647
1535 1640
1648 1656
1656 1658
1691 1820
1695 1703
1701 1700
1700 1702
1706 1829
1699 1724
1727 1728
1735 1601
1721 1735
1735 1739
1601 1739
1740 1743
1744 1785
1756 1758
1758 1770
1771 1774
1779 1778
1781 1780
1780 1897
1783 1786
1790 1791
1751 1796
1802 1804
1791 1803
1803 1808
1800 1807
1808 1810
1810 1927
1850 1848
1849 1856
1854 1860
1860 1865
1862 1873
1873 1883
1879 1884
1884 1887
1885 1881
1887 1886
1886 1885
1896 1893
1897 1894
1906 1909
1908 1910
1923 1922
1922 1924
1927 1926
1911 1938
1881 1939
1971 1983
1975 1971
1976 1977
1754 1988
1990 1989
1991 1992
1813 1990
1991 2029
1994 1993
1995 1994
1984 1996
1997 2000
2000 2002
2029 2032
2054 1965
2180 2181
2179 2182
814 819
819 2205
2329 2331
2330 2340
2339 2344
2344 2345
2359 2357
2361 2392
2393 2405
2392 2576
2358 2422
2416 2423
2473 2478
2478 2479
2513 2516
2517 2518
2515 2521
2519 2518
2522 2521
2521 2524
2531 2532
2532 2644
2570 2568
2569 2570
2576 2617
2617 2619
2619 2813
2685 2686
2205 2691
2691 2693
2693 2709
2709 2715
2715 2735
2716 2740
2735 2764
2740 2748
2748 2781
2763 2765
2781 2822
2822 2825
2813 2845
2847 2851
2851 2883
2857 2852
2855 2853
2825 2871
2871 2878
2852 2889
2762 2912
2889 2931
2931 2941
2942 2953
2990 3032
3032 3058
3058 3065
1533 3082
3065 3106
3120 3121
3121 3122
3106 3134
3134 3136
3136 3149
3149 3158
3187 3188
3158 3256
3256 3261
3258 3269
3259 3264
3264 3266
3266 3316
3269 3273
3276 3275
2533 2646
2646 3291
3299 3276
3316 3328
2860 2855
1558 1549
3352 1539
1544 1539
1373 3352
